0.7044691584
0.00583937422
0.004573861138
0.005332188158
0.005256324406
0.004910036866
0.004576239506
0.004132508782
0.003676378572
0.003246983477
0.002858060909
0.002512306049
0.002207753389
0.001940668681
0.001706860632
0.001502257876
0.001323140197
0.001166208087
0.001028579186
0.0009077543244
0.0008015735747
0.0007081717001
0.0006259370125
0.000553475028
0.0004895770919
0.0004331936184
0.0003834113942
0.0003394343702
0.0003005674006
0.0002662024559
0.000235806905
0.000208913528
0.0001851119783
0.0001640414612
0.0001453844363
0.0001288611859
0.0001142251163
0.0001012586839
8.976985415e-05
7.958901781e-05
7.056629904e-05
6.25692027e-05
5.548055415e-05
4.919669282e-05
4.36258862e-05
3.868693592e-05
3.430795123e-05
3.042526896e-05
2.698250156e-05
2.392969756e-05
2.122260058e-05
1.882199509e-05
1.669312829e-05
1.48051992e-05
1.313090693e-05
1.164605098e-05
1.032917771e-05
9.161267393e-06
8.125457161e-06
7.206795692e-06
6.392025965e-06
5.66939281e-06
5.028472417e-06
4.460021281e-06
3.955842332e-06
3.508666305e-06
3.112046588e-06
2.76026602e-06
2.448254271e-06
2.17151459e-06
1.926058877e-06
1.708350097e-06
1.515251237e-06
1.343980043e-06
1.192068875e-06
1.057329121e-06
9.378196308e-07
8.318187266e-07
7.377993836e-07
6.544072138e-07
5.804409465e-07
5.148351131e-07
4.566446912e-07
4.050314885e-07
3.592520626e-07
3.186470099e-07
2.826314645e-07
2.506866729e-07
2.223525171e-07
1.972208893e-07
1.749298112e-07
1.551582194e-07
1.37621343e-07
1.220665947e-07
1.082699409e-07
9.603266905e-08
8.517852679e-08
7.55511832e-08
6.701197873e-08
5.943792342e-08
5.271993038e-08
4.676124302e-08
4.147603844e-08
3.678819757e-08
3.263020114e-08
2.894216518e-08
2.567096957e-08
2.27695031e-08
2.01959752e-08
1.79133208e-08
1.58886642e-08
1.409284556e-08
1.249999977e-08
1.108718516e-08
9.834053807e-09
8.722558634e-09
7.73669015e-09
6.862249755e-09
6.086642412e-09
5.398699598e-09
4.788510283e-09
4.247288465e-09
3.767238244e-09
3.341444996e-09
2.96377764e-09
2.628796889e-09
2.331676491e-09
2.068138688e-09
1.83438699e-09
1.627054214e-09
1.443156983e-09
1.280044043e-09
1.135367272e-09
1.007042408e-09
8.932213441e-10
7.922643652e-10
7.027191606e-10
6.232938887e-10
5.52846019e-10
4.903607104e-10
4.3493735e-10
3.857785758e-10
3.421765093e-10
3.035017238e-10
2.691986217e-10
2.387720022e-10
2.117850478e-10
1.878477235e-10
1.666154437e-10
1.477847844e-10
1.310813819e-10
1.162657887e-10
1.031249947e-10
9.146869373e-11
8.113069938e-11
7.196099272e-11
6.382719353e-11
5.661285329e-11
5.02151376e-11
4.453937219e-11
3.950521854e-11
3.504001256e-11
3.107915314e-11
2.756660178e-11
2.445113556e-11
2.168758229e-11
1.923668169e-11
1.706178254e-11
1.513365822e-11
1.342381761e-11
1.190628152e-11
1.056078835e-11
9.367326359e-12
8.30838176e-12
7.369022059e-12
6.536160502e-12
5.797445857e-12
5.142539172e-12
4.560837819e-12
4.045291879e-12
3.58821306e-12
3.182634711e-12
2.822728162e-12
2.504149665e-12
2.220681972e-12
1.969702179e-12
1.746880418e-12
1.549649298e-12
1.374594882e-12
1.219233048e-12
1.080982526e-12
9.595241268e-13
8.509026816e-13
7.54604712e-13
6.695338728e-13
5.934280844e-13
5.262179581e-13
4.66640615e-13
4.140854326e-13
3.673589211e-13
3.261974024e-13
2.891853423e-13
2.563643742e-13
2.275263311e-13
2.016442568e-13
1.793426518e-13
1.58928426e-13
1.408595462e-13
1.251082571e-13
1.112443471e-13
9.84629045e-14
8.720801858e-14
7.759071163e-14
6.898648319e-14
6.022959909e-14
5.3956839e-14
4.804490139e-14
4.281297539e-14
3.766431611e-14
3.329281295e-14
2.946254352e-14
2.593758541e-14
2.309263891e-14
2.059463711e-14
1.788846848e-14
1.609823386e-14
1.444677711e-14
1.261490912e-14
1.132427485e-14
1.042221864e-14
9.423017922e-15
8.132383655e-15
7.382983114e-15
6.147859999e-15
5.495603972e-15
5.273559367e-15
4.246603069e-15
3.969047313e-15
3.497202528e-15
3.233524559e-15
2.900457652e-15
2.359223927e-15
2.248201625e-15
2.303712776e-15
1.734723476e-15
1.401656569e-15
1.443289932e-15
1.026956298e-15
1.276756478e-15
1.01307851e-15
1.443289932e-15
1.026956298e-15
9.298117831e-16
6.52256027e-16
3.469446952e-16
8.465450563e-16
8.049116929e-16
4.440892099e-16
3.469446952e-16
2.081668171e-16
6.52256027e-16
6.383782392e-16
7.494005416e-16
6.383782392e-16
6.938893904e-16
3.885780586e-16
3.330669074e-16
2.775557562e-16
1.01307851e-15
7.771561172e-16
3.747002708e-16
6.383782392e-16
3.191891196e-16
3.330669074e-16
2.636779683e-16
6.106226635e-16
4.857225733e-16
8.326672685e-17
8.326672685e-16
5.412337245e-16
3.330669074e-16
8.049116929e-16
3.053113318e-16
5.551115123e-16
1.387778781e-16
2.359223927e-16
3.60822483e-16
7.494005416e-16
4.718447855e-16
2.775557562e-17
4.163336342e-16
1.942890293e-16
4.163336342e-16
1.249000903e-16
8.326672685e-17
8.326672685e-17
3.469446952e-16
1.665334537e-16
2.498001805e-16
2.498001805e-16
1.387778781e-16
9.436895709e-16
5.273559367e-16
1.110223025e-16
1.665334537e-16
2.91433544e-16
1.387778781e-16
7.077671782e-16
2.636779683e-16
4.579669977e-16
3.747002708e-16
9.714451465e-17
4.857225733e-16
6.938893904e-16
4.440892099e-16
3.053113318e-16
1.01307851e-15
3.60822483e-16
3.053113318e-16
3.885780586e-16
4.996003611e-16
3.330669074e-16
2.91433544e-16
6.106226635e-16
5.273559367e-16
3.469446952e-16
9.714451465e-17
4.163336342e-16
4.30211422e-16
3.747002708e-16
4.163336342e-16
5.134781489e-16
3.053113318e-16
3.053113318e-16
4.024558464e-16
3.330669074e-16
1.942890293e-16
3.053113318e-16
2.775557562e-16
7.632783294e-16
3.330669074e-16
7.21644966e-16
2.359223927e-16
2.081668171e-16
5.689893001e-16
2.220446049e-16
5.551115123e-16
2.081668171e-16
3.60822483e-16
6.661338148e-16
5.828670879e-16
5.412337245e-16
5.689893001e-16
9.020562075e-16
1.665334537e-16
6.106226635e-16
5.134781489e-16
4.30211422e-16
2.498001805e-16
7.21644966e-16
2.775557562e-16
1.665334537e-16
1.804112415e-16
4.857225733e-16
1.665334537e-16
8.465450563e-16
4.163336342e-16
5.412337245e-16
4.579669977e-16
5.412337245e-16
3.469446952e-16
1.804112415e-16
3.469446952e-16
5.134781489e-16
1.110223025e-16
6.383782392e-16
4.579669977e-16
4.30211422e-16
3.747002708e-16
3.330669074e-16
7.494005416e-16
4.024558464e-16
1.804112415e-16
3.330669074e-16
4.579669977e-16
4.024558464e-16
5.689893001e-16
1.942890293e-16
4.440892099e-16
2.359223927e-16
2.081668171e-16
3.191891196e-16
4.024558464e-16
3.469446952e-16
1.387778781e-16
4.996003611e-16
1.942890293e-16
9.714451465e-17
2.220446049e-16
4.579669977e-16
5.689893001e-16
6.800116026e-16
5.412337245e-16
3.747002708e-16
4.440892099e-16
1.387778781e-16
2.636779683e-16
4.30211422e-16
4.718447855e-16
3.469446952e-16
7.077671782e-16
7.355227538e-16
3.60822483e-16
4.163336342e-17
9.853229344e-16
4.857225733e-16
9.436895709e-16
3.330669074e-16
4.440892099e-16
3.053113318e-16
6.106226635e-16
2.636779683e-16
5.551115123e-17
2.636779683e-16
1.665334537e-16
2.081668171e-16
3.330669074e-16
1.221245327e-15
3.053113318e-16
4.30211422e-16
2.636779683e-16
2.91433544e-16
6.383782392e-16
6.245004514e-16
3.191891196e-16
4.30211422e-16
3.885780586e-16
2.220446049e-16
9.853229344e-16
3.191891196e-16
3.330669074e-16
2.91433544e-16
2.91433544e-16
1.110223025e-16
6.106226635e-16
3.747002708e-16
5.273559367e-16
1.249000903e-16
1.665334537e-16
3.330669074e-16
3.747002708e-16
0
