0.4841174355
0.004729526087
0.007251201911
0.007209883229
0.006326686795
0.005256158015
0.004244340713
0.003372894479
0.00265502671
0.002077488127
0.001619059639
0.001258164541
0.0009756024743
0.0007552335959
0.0005838734946
0.0004509266422
0.000347967098
0.0002683439176
0.0002068365406
0.0001593649404
0.0001227513297
9.45272955e-05
7.277949681e-05
5.602729793e-05
4.312638899e-05
3.319327583e-05
2.554636351e-05
1.966013334e-05
1.512959134e-05
1.16427382e-05
8.959282083e-06
6.894197237e-06
5.305036302e-06
4.082145911e-06
3.141125085e-06
2.417014624e-06
1.859821562e-06
1.431072721e-06
1.101161241e-06
8.473038849e-07
6.519687214e-07
5.016649646e-07
3.860116016e-07
2.970206316e-07
2.285454742e-07
1.758565062e-07
1.353144278e-07
1.041189201e-07
8.01152362e-08
6.164537723e-08
4.743357487e-08
3.649817559e-08
2.808383595e-08
2.160934899e-08
1.662749841e-08
1.279416982e-08
9.844582982e-09
7.574998309e-09
5.828646066e-09
4.484901353e-09
3.450945141e-09
2.655359002e-09
2.043188285e-09
1.572148217e-09
1.209703435e-09
9.30816077e-10
7.162247601e-10
5.511050366e-10
4.24052321e-10
3.262905779e-10
2.510671254e-10
1.931860227e-10
1.486481077e-10
1.143787287e-10
8.800964124e-11
6.771971872e-11
5.210765153e-11
4.009487187e-11
3.367492396e-11
3.011861593e-11
2.738408111e-11
2.527698884e-11
2.378670871e-11
2.378716668e-11
2.378769404e-11
2.378626462e-11
2.378545971e-11
2.378434949e-11
2.37847797e-11
2.378545971e-11
2.378625075e-11
2.37859038e-11
2.378539032e-11
2.378533481e-11
2.378644504e-11
2.378593156e-11
2.378504338e-11
2.378475195e-11
2.378437725e-11
2.37826564e-11
2.378318376e-11
2.378264252e-11
2.378094943e-11
2.378085229e-11
2.378229558e-11
2.378050534e-11
2.378082453e-11
2.378175434e-11
2.378029718e-11
2.378007513e-11
2.378060249e-11
2.378032493e-11
2.378031105e-11
2.378020003e-11
2.378004738e-11
2.37797837e-11
2.378031105e-11
2.378097719e-11
2.37802833e-11
2.378050534e-11
2.378161557e-11
2.378264252e-11
2.378235109e-11
2.378232333e-11
2.378239272e-11
2.378248987e-11
2.378293396e-11
2.378429398e-11
2.378433561e-11
2.378448827e-11
2.378396091e-11
2.378361397e-11
2.378475195e-11
2.378550135e-11
2.37852793e-11
2.378539032e-11
2.378609809e-11
2.378430786e-11
2.3785654e-11
2.378434949e-11
2.378282293e-11
2.378208741e-11
2.378162944e-11
2.378075514e-11
2.378211517e-11
2.377976982e-11
2.378131025e-11
2.378001962e-11
2.377983921e-11
2.377929798e-11
2.377872899e-11
2.377839592e-11
2.377893715e-11
2.377811836e-11
2.377684161e-11
2.377702202e-11
2.377842367e-11
2.377847919e-11
2.377968655e-11
2.377964492e-11
2.378100494e-11
2.378001962e-11
2.37796588e-11
2.37795339e-11
2.377975594e-11
2.377922859e-11
2.37795339e-11
2.377989472e-11
2.37799086e-11
2.377974206e-11
2.378069963e-11
2.378146291e-11
2.378029718e-11
2.377950614e-11
2.378092168e-11
2.378036656e-11
2.378050534e-11
2.378069963e-11
2.378137964e-11
2.378072739e-11
2.378175434e-11
2.378262864e-11
2.37827813e-11
2.378301722e-11
2.378250374e-11
2.378337804e-11
2.378432173e-11
2.378346131e-11
2.37852793e-11
2.37855291e-11
2.378683361e-11
2.378487685e-11
2.378394703e-11
2.378447439e-11
2.378336417e-11
2.378357233e-11
2.378508501e-11
2.378297559e-11
2.378525155e-11
2.378588992e-11
2.378776343e-11
2.378688913e-11
2.378638952e-11
2.378759689e-11
2.378724995e-11
2.378776343e-11
2.378679198e-11
2.37855291e-11
2.378595931e-11
2.378491848e-11
2.378380826e-11
2.378384989e-11
2.37851544e-11
2.378455766e-11
2.37864034e-11
2.378607034e-11
2.378708341e-11
2.378773567e-11
2.378493236e-11
2.378545971e-11
2.378522379e-11
2.378471031e-11
2.378559849e-11
2.378505726e-11
2.378604258e-11
2.378626462e-11
2.378448827e-11
2.378537645e-11
2.378489072e-11
2.378582054e-11
2.378641728e-11
2.378534869e-11
2.378644504e-11
2.378568176e-11
2.378629238e-11
2.37872777e-11
2.378773567e-11
2.378711117e-11
2.378655606e-11
2.378597319e-11
2.378584829e-11
2.378536257e-11
2.378454378e-11
2.378489072e-11
2.378448827e-11
2.378373887e-11
2.378422459e-11
2.378429398e-11
2.378480746e-11
2.378348907e-11
2.378462705e-11
2.378373887e-11
2.378408581e-11
2.378612585e-11
2.378595931e-11
2.37864034e-11
2.378662545e-11
2.378619524e-11
2.378629238e-11
2.378834629e-11
2.378719444e-11
2.378905406e-11
2.378809649e-11
2.378831854e-11
2.378805486e-11
2.378629238e-11
2.378706954e-11
2.378730546e-11
2.378700015e-11
2.378673647e-11
2.378686137e-11
2.378743036e-11
2.378770791e-11
2.378786057e-11
2.378754138e-11
2.378801323e-11
2.378772179e-11
2.37875275e-11
2.37889014e-11
2.379069164e-11
2.378913733e-11
2.378784669e-11
2.378811037e-11
2.378688913e-11
2.3786903e-11
2.378723607e-11
2.378704178e-11
2.378634789e-11
2.378594544e-11
2.378705566e-11
2.378737485e-11
2.378720831e-11
2.378769404e-11
2.378756914e-11
2.378804098e-11
2.378892916e-11
2.378898467e-11
2.378901243e-11
2.378953978e-11
2.378934549e-11
2.378860997e-11
2.378905406e-11
2.378967856e-11
2.378969244e-11
2.378987285e-11
2.379124675e-11
2.379185737e-11
2.379020592e-11
2.378956754e-11
2.379034469e-11
2.379076103e-11
2.379155206e-11
2.379203778e-11
2.379128838e-11
2.379092756e-11
2.379076103e-11
2.379101083e-11
2.378969244e-11
2.379001163e-11
2.379131614e-11
2.379099695e-11
2.379162145e-11
2.379138553e-11
2.379041408e-11
2.379037245e-11
2.379026143e-11
2.379041408e-11
2.378972019e-11
2.379084429e-11
2.379112185e-11
2.378841568e-11
2.378916508e-11
2.378972019e-11
2.378904018e-11
2.379040021e-11
2.379117736e-11
2.379170472e-11
2.379113573e-11
2.379128838e-11
2.379213493e-11
2.379123287e-11
2.37915937e-11
2.379178798e-11
2.379180186e-11
2.379232922e-11
2.379242636e-11
2.379428599e-11
2.379513253e-11
2.379543784e-11
2.379436925e-11
2.379285657e-11
2.379424435e-11
2.379332842e-11
2.379292596e-11
2.379330066e-11
2.379119124e-11
2.379071939e-11
2.379106634e-11
2.379108022e-11
2.379181574e-11
2.379194064e-11
2.379152431e-11
2.379249575e-11
2.379116348e-11
2.379023367e-11
2.379121899e-11
2.379119124e-11
2.378959529e-11
2.379134389e-11
2.379230146e-11
2.379119124e-11
2.379095532e-11
2.379151043e-11
2.379056674e-11
2.37914688e-11
2.379135777e-11
2.379250963e-11
2.379217656e-11
2.379285657e-11
2.379149655e-11
2.379059449e-11
2.379076103e-11
2.379027531e-11
2.379102471e-11
2.379083042e-11
2.379108022e-11
2.379010877e-11
2.379067776e-11
2.37918435e-11
2.379174635e-11
2.379051123e-11
2.378949815e-11
2.378959529e-11
2.378942876e-11
2.379012265e-11
2.379087205e-11
2.379101083e-11
2.379045572e-11
2.378924835e-11
2.379016428e-11
2.378995612e-11
2.378981734e-11
2.379106634e-11
2.379135777e-11
2.379162145e-11
2.379059449e-11
2.379152431e-11
2.379189901e-11
2.379130226e-11
2.379282882e-11
2.379300923e-11
2.37918435e-11
2.379182962e-11
2.379219044e-11
2.379034469e-11
2.379192676e-11
2.379180186e-11
2.37914688e-11
2.379040021e-11
2.379126063e-11
2.379212105e-11
2.379181574e-11
2.37917186e-11
2.37922182e-11
2.379270392e-11
2.379293984e-11
2.379332842e-11
2.379305086e-11
2.379285657e-11
2.379360597e-11
2.379289821e-11
2.379281494e-11
2.379339781e-11
2.379424435e-11
2.379499375e-11
2.37954656e-11
2.379492436e-11
2.379588193e-11
2.379620112e-11
2.379763053e-11
2.379697828e-11
2.379851871e-11
2.379811626e-11
2.379756114e-11
2.379851871e-11
2.379911546e-11
2.379953179e-11
2.380064201e-11
2.380132202e-11
2.380064201e-11
2.380177999e-11
2.380169672e-11
2.38038339e-11
2.380338981e-11
2.380218245e-11
2.380053099e-11
2.380055875e-11
2.3801211e-11
2.38003367e-11
2.379982322e-11
2.379893504e-11
2.3798713e-11
2.379806074e-11
2.379817177e-11
2.379960118e-11
2.379912933e-11
2.379972608e-11
2.379957342e-11
2.379951791e-11
2.37989628e-11
2.379940689e-11
2.379864361e-11
2.379901831e-11
2.380065589e-11
2.379892117e-11
2.380079467e-11
2.380130815e-11
2.380044772e-11
2.380111386e-11
2.38009612e-11
2.380151631e-11
2.380082242e-11
2.38010861e-11
2.37997122e-11
2.380054487e-11
2.379856034e-11
2.3798713e-11
2.379918485e-11
2.380018405e-11
2.380115549e-11
2.3801211e-11
2.380198816e-11
2.38023351e-11
2.380266817e-11
2.380073916e-11
2.380176611e-11
2.380159958e-11
2.380072528e-11
2.38008363e-11
2.380097508e-11
2.379925423e-11
2.379990649e-11
2.380019792e-11
2.379928199e-11
2.379901831e-11
2.379928199e-11
2.380003139e-11
2.380085018e-11
2.3801211e-11
2.380202979e-11
2.380134978e-11
2.380075304e-11
2.380057262e-11
2.380010078e-11
2.380112774e-11
2.380132202e-11
2.380148856e-11
2.380184938e-11
2.380101671e-11
2.380179387e-11
2.380139141e-11
2.380247388e-11
2.380205755e-11
2.380014241e-11
2.380078079e-11
2.380012853e-11
2.380001751e-11
2.380036446e-11
2.380032282e-11
2.379967057e-11
2.380061426e-11
2.3801211e-11
2.380104447e-11
2.380098896e-11
2.379980935e-11
2.38003367e-11
2.380114161e-11
2.380090569e-11
2.380136366e-11
2.380175224e-11
2.380230735e-11
2.380137754e-11
2.380168285e-11
2.38008363e-11
2.380251551e-11
2.380227959e-11
2.380147468e-11
2.380177999e-11
2.380180775e-11
2.380200204e-11
2.380123876e-11
2.380091957e-11
2.379993425e-11
2.379947628e-11
2.380007302e-11
2.379947628e-11
2.379897668e-11
2.379968445e-11
2.379903219e-11
2.379875463e-11
2.37988379e-11
2.379955955e-11
2.379854647e-11
2.37995873e-11
2.380032282e-11
2.380011466e-11
2.380104447e-11
2.380151631e-11
2.380202979e-11
2.380186326e-11
2.380340369e-11
2.380426412e-11
2.380382003e-11
2.380366737e-11
2.380393105e-11
2.380443065e-11
2.380455555e-11
2.380452779e-11
2.380468045e-11
2.380390329e-11
2.380415309e-11
2.380336206e-11
2.380387554e-11
2.380376452e-11
2.380304287e-11
2.380401432e-11
2.380291797e-11
2.380325104e-11
2.380404207e-11
2.380419473e-11
2.380361186e-11
2.380332043e-11
2.380300124e-11
2.380186326e-11
2.380189101e-11
2.380372288e-11
2.380337594e-11
2.380476372e-11
2.38048331e-11
2.380463882e-11
2.380359798e-11
2.380587394e-11
2.380552699e-11
2.380745601e-11
2.380712294e-11
2.380737274e-11
2.380629027e-11
2.380742825e-11
2.380601272e-11
2.380594333e-11
2.380577679e-11
2.380631803e-11
2.380594333e-11
2.380735886e-11
2.380599884e-11
2.380644293e-11
2.380817765e-11
2.380716457e-11
2.380781683e-11
2.380630415e-11
2.380676212e-11
2.380652619e-11
2.380828867e-11
2.380781683e-11
2.380705355e-11
2.380678987e-11
2.380683151e-11
2.380637354e-11
2.380566577e-11
2.38075254e-11
2.380598496e-11
2.380784458e-11
2.380534658e-11
2.380619313e-11
2.380506903e-11
2.380474984e-11
2.380455555e-11
2.380291797e-11
2.380413922e-11
2.380440289e-11
2.380430575e-11
2.380398656e-11
2.380447228e-11
2.380425024e-11
2.380630415e-11
2.380547148e-11
2.38069009e-11
2.380687314e-11
2.380697028e-11
2.380624864e-11
2.380572128e-11
2.380519393e-11
2.380601272e-11
2.380527719e-11
2.380634578e-11
2.380574904e-11
2.380573516e-11
2.380537434e-11
2.380659558e-11
2.380708131e-11
2.380699804e-11
2.380587394e-11
2.380641517e-11
2.380542985e-11
2.380630415e-11
2.380379227e-11
2.380444453e-11
2.380559638e-11
2.380524944e-11
2.380561026e-11
2.380465269e-11
2.380347308e-11
2.380244613e-11
2.380311226e-11
2.380304287e-11
2.380282083e-11
2.380279307e-11
2.38029596e-11
2.380173836e-11
2.380143305e-11
2.380200204e-11
2.380082242e-11
2.380065589e-11
2.38005865e-11
2.380126651e-11
2.38008363e-11
2.380075304e-11
2.380040609e-11
2.379936526e-11
2.380105835e-11
2.380157182e-11
2.380085018e-11
2.380193265e-11
2.380223796e-11
2.380286246e-11
2.380234898e-11
2.380211306e-11
2.38032094e-11
2.380212694e-11
2.380177999e-11
2.3803709e-11
2.380226571e-11
2.380277919e-11
2.380304287e-11
2.380297348e-11
2.380365349e-11
2.380519393e-11
2.380486086e-11
2.380576292e-11
2.380497188e-11
2.380456943e-11
2.380541597e-11
2.380595721e-11
2.380734498e-11
2.380745601e-11
2.380717845e-11
2.380623476e-11
2.380660946e-11
2.380810826e-11
2.380907971e-11
2.380691477e-11
2.38081499e-11
2.380716457e-11
2.38081499e-11
2.380866337e-11
2.380837194e-11
2.380887154e-11
2.380957931e-11
2.380831643e-11
2.380871889e-11
2.380708131e-11
2.380672048e-11
2.380684538e-11
2.380642905e-11
2.380540209e-11
2.380526332e-11
2.380497188e-11
2.380683151e-11
2.380742825e-11
2.380660946e-11
2.380737274e-11
2.380794173e-11
2.380770581e-11
2.380885766e-11
2.3806776e-11
2.380796948e-11
2.380705355e-11
2.380712294e-11
2.380794173e-11
2.3808025e-11
2.380835806e-11
2.380878827e-11
2.380928787e-11
2.380882991e-11
2.380846909e-11
2.380705355e-11
2.380590169e-11
2.38074005e-11
2.380666497e-11
2.380783071e-11
2.380684538e-11
2.380810826e-11
2.380799724e-11
2.3808025e-11
2.380778907e-11
2.380758091e-11
2.380640129e-11
2.380441677e-11
2.380486086e-11
2.38038339e-11
2.380343145e-11
2.380314001e-11
2.380314001e-11
2.380337594e-11
2.380419473e-11
2.380388942e-11
2.380459718e-11
2.380542985e-11
2.380404207e-11
2.380326491e-11
2.380337594e-11
2.380404207e-11
2.380527719e-11
2.380479147e-11
2.380542985e-11
2.38045833e-11
2.380465269e-11
2.3804958e-11
2.380393105e-11
2.380373676e-11
2.380376452e-11
2.380576292e-11
2.380654007e-11
2.380720621e-11
2.380597108e-11
2.380540209e-11
2.380648456e-11
2.380441677e-11
2.38050829e-11
2.380598496e-11
2.380561026e-11
2.380648456e-11
2.380654007e-11
2.380411146e-11
2.380583231e-11
2.380577679e-11
2.380705355e-11
2.380713682e-11
2.380634578e-11
2.380703967e-11
2.380719233e-11
2.380680375e-11
2.380756703e-11
2.38075254e-11
2.380738662e-11
2.380659558e-11
2.380719233e-11
2.380763642e-11
2.380709518e-11
2.380723396e-11
2.38069009e-11
2.380645681e-11
2.380559638e-11
2.380676212e-11
2.380658171e-11
2.380573516e-11
2.380708131e-11
2.380688702e-11
2.380579067e-11
2.380512454e-11
2.380438902e-11
2.38052078e-11
2.380506903e-11
2.380509678e-11
2.380419473e-11
2.380501352e-11
2.380441677e-11
2.380479147e-11
2.380490249e-11
2.380379227e-11
2.380373676e-11
2.380443065e-11
2.380544373e-11
2.380352859e-11
2.380438902e-11
2.380545761e-11
2.380556863e-11
2.380533271e-11
2.380652619e-11
2.380642905e-11
2.380695641e-11
2.38076503e-11
2.38072756e-11
2.380622088e-11
2.380588782e-11
2.380538822e-11
2.380541597e-11
2.380545761e-11
2.380577679e-11
2.380630415e-11
2.380523556e-11
2.380536046e-11
2.380623476e-11
2.380549924e-11
2.380623476e-11
2.380605435e-11
2.380505515e-11
2.380447228e-11
2.380462494e-11
2.380561026e-11
2.380522168e-11
2.380606823e-11
2.380544373e-11
2.380583231e-11
2.380461106e-11
2.380416697e-11
2.380318165e-11
2.380312614e-11
2.380307063e-11
2.38033343e-11
2.38022102e-11
2.380347308e-11
2.380340369e-11
2.38033343e-11
2.380264041e-11
2.380226571e-11
2.380282083e-11
2.380214081e-11
2.380226571e-11
2.380215469e-11
2.380150244e-11
2.38020853e-11
2.380036446e-11
2.380044772e-11
2.380187714e-11
2.380119712e-11
2.380040609e-11
2.38009612e-11
2.380030895e-11
2.380047548e-11
2.380073916e-11
2.380032282e-11
2.379978159e-11
2.380112774e-11
2.380157182e-11
2.380111386e-11
2.380151631e-11
2.380212694e-11
2.380129427e-11
2.380155795e-11
2.380168285e-11
2.380078079e-11
2.380026731e-11
2.380157182e-11
2.380022568e-11
2.379943465e-11
2.379992037e-11
2.380028119e-11
2.380065589e-11
2.380010078e-11
2.38013359e-11
2.380259878e-11
2.380246e-11
2.380340369e-11
2.380265429e-11
2.380257103e-11
2.380212694e-11
2.380204367e-11
2.380075304e-11
2.380079467e-11
2.379949016e-11
2.379843544e-11
2.380007302e-11
2.379949016e-11
2.380125264e-11
2.380075304e-11
2.380232123e-11
2.380190489e-11
2.380190489e-11
2.380179387e-11
2.380141917e-11
2.380147468e-11
2.380012853e-11
2.380177999e-11
2.380287634e-11
2.380219633e-11
2.380237674e-11
2.380264041e-11
2.380254327e-11
2.380035058e-11
2.380115549e-11
2.380177999e-11
2.380159958e-11
2.380198816e-11
2.380219633e-11
2.380169672e-11
2.380153019e-11
2.380359798e-11
2.38020853e-11
2.380338981e-11
2.38039588e-11
2.38032094e-11
2.380380615e-11
2.380357023e-11
2.380405595e-11
2.380344533e-11
2.380524944e-11
2.380567965e-11
2.380509678e-11
2.380534658e-11
2.380534658e-11
2.380390329e-11
2.380556863e-11
2.380555475e-11
2.380573516e-11
2.38044584e-11
2.380423636e-11
2.380531883e-11
2.380570741e-11
2.380436126e-11
2.380366737e-11
2.38034592e-11
2.380307063e-11
2.380243225e-11
2.380216857e-11
2.38013359e-11
2.380168285e-11
2.38003367e-11
2.380207142e-11
2.380098896e-11
2.380057262e-11
2.380128039e-11
2.380123876e-11
2.380047548e-11
2.379993425e-11
2.379853259e-11
2.379950403e-11
2.379910158e-11
2.379925423e-11
2.380003139e-11
2.3799962e-11
2.37989628e-11
2.379914321e-11
2.380030895e-11
2.380012853e-11
2.38000869e-11
2.380107222e-11
2.379993425e-11
2.379911546e-11
2.37985881e-11
2.379740849e-11
2.379726971e-11
2.379910158e-11
2.37998371e-11
2.379960118e-11
2.379937913e-11
2.379978159e-11
2.379967057e-11
2.380060038e-11
2.380086406e-11
2.380079467e-11
2.3801211e-11
2.380147468e-11
2.380189101e-11
2.380091957e-11
2.379994812e-11
2.380036446e-11
2.379930975e-11
2.379857422e-11
2.379951791e-11
2.379972608e-11
2.380109998e-11
2.380139141e-11
2.380219633e-11
2.380069752e-11
2.380107222e-11
2.380129427e-11
2.380107222e-11
2.380226571e-11
2.380350084e-11
2.380255715e-11
2.380316777e-11
2.38035841e-11
2.380487474e-11
2.380318165e-11
2.380250164e-11
2.380357023e-11
2.380362574e-11
2.380361186e-11
2.380284858e-11
2.380273756e-11
2.380153019e-11
2.380266817e-11
2.380255715e-11
2.380275144e-11
2.380244613e-11
2.380155795e-11
2.38010861e-11
2.380087794e-11
2.380104447e-11
2.380001751e-11
2.379928199e-11
2.380005915e-11
2.380005915e-11
2.380040609e-11
2.379937913e-11
2.380041997e-11
2.379976771e-11
2.379969832e-11
2.379853259e-11
2.379788033e-11
2.379750563e-11
2.37978387e-11
2.379825503e-11
2.379881014e-11
2.379935138e-11
2.379911546e-11
2.379851871e-11
2.379885178e-11
2.379885178e-11
2.379861586e-11
2.379910158e-11
2.379893504e-11
2.379942077e-11
2.379837993e-11
2.379760278e-11
2.379824116e-11
2.379667297e-11
2.379703379e-11
2.379722808e-11
2.379547948e-11
2.379525743e-11
2.379504926e-11
2.379502151e-11
2.379550723e-11
2.379493824e-11
2.379539621e-11
2.379560438e-11
2.379715869e-11
2.379560438e-11
2.379607622e-11
2.379425823e-11
2.379613173e-11
2.379567376e-11
2.379445252e-11
2.3794966e-11
2.379431374e-11
2.379520192e-11
2.379307862e-11
2.37928427e-11
2.379339781e-11
2.379317576e-11
2.379342556e-11
2.379410557e-11
2.379235697e-11
2.379298147e-11
2.379239861e-11
2.379249575e-11
2.379049735e-11
2.379131614e-11
2.379109409e-11
2.379263453e-11
2.379353659e-11
2.379253738e-11
2.37920933e-11
2.379249575e-11
2.379289821e-11
2.379241248e-11
2.379101083e-11
2.379016428e-11
2.379067776e-11
2.379224595e-11
2.379137165e-11
2.379231534e-11
2.379231534e-11
2.379250963e-11
2.379239861e-11
2.379380026e-11
2.379364761e-11
2.379353659e-11
2.379244024e-11
2.379274555e-11
2.379092756e-11
2.379155206e-11
2.379105246e-11
2.379116348e-11
2.379046959e-11
2.379028918e-11
2.378983122e-11
2.379060837e-11
2.379103858e-11
2.379060837e-11
2.379073327e-11
2.378956754e-11
2.3789401e-11
2.378908182e-11
2.378866548e-11
2.378917896e-11
2.378819364e-11
2.378963693e-11
2.37887765e-11
2.378873487e-11
2.37892761e-11
2.379010877e-11
2.379046959e-11
2.379224595e-11
2.379153818e-11
2.379228758e-11
2.379163533e-11
2.379112185e-11
2.379331454e-11
2.379288433e-11
2.379232922e-11
2.379088593e-11
2.379120512e-11
2.379033082e-11
2.379095532e-11
2.379260677e-11
2.379270392e-11
2.379255126e-11
2.379248187e-11
2.379252351e-11
2.379228758e-11
2.379267616e-11
2.379331454e-11
2.379389741e-11
2.37934672e-11
2.37933423e-11
2.379225983e-11
2.37915937e-11
2.379213493e-11
2.37915937e-11
2.379313413e-11
2.379017816e-11
2.379119124e-11
2.379102471e-11
2.379178798e-11
2.379070552e-11
2.379224595e-11
2.379124675e-11
2.379151043e-11
2.378963693e-11
2.379069164e-11
2.379056674e-11
2.379052511e-11
2.379059449e-11
2.379035857e-11
2.379085817e-11
2.379080266e-11
2.378969244e-11
2.379016428e-11
2.379253738e-11
2.379314801e-11
2.379293984e-11
2.37922182e-11
2.379217656e-11
2.379231534e-11
2.37923431e-11
2.379077491e-11
2.37920933e-11
2.379166308e-11
2.379060837e-11
2.379087205e-11
2.379024755e-11
2.379224595e-11
2.379244024e-11
2.379239861e-11
2.379230146e-11
2.379335617e-11
2.379278718e-11
2.379299535e-11
2.379278718e-11
2.379207942e-11
2.37933423e-11
2.379331454e-11
2.379382802e-11
2.379293984e-11
2.379356434e-11
2.379363373e-11
2.379420272e-11
2.379423047e-11
2.379360597e-11
2.379300923e-11
2.379342556e-11
2.379170472e-11
2.379248187e-11
2.379324515e-11
2.379210717e-11
2.379101083e-11
2.379124675e-11
2.379080266e-11
2.379017816e-11
2.379148267e-11
2.379102471e-11
2.379033082e-11
2.379096919e-11
2.379051123e-11
2.379076103e-11
2.378941488e-11
2.378959529e-11
2.378899855e-11
2.379055286e-11
2.37882769e-11
2.378860997e-11
2.378791608e-11
2.378876263e-11
2.378973407e-11
2.378937325e-11
2.378953978e-11
2.378833242e-11
2.378970632e-11
2.37892761e-11
2.378866548e-11
2.378831854e-11
2.378891528e-11
2.378806874e-11
2.378718056e-11
2.378866548e-11
2.378798547e-11
2.378791608e-11
2.37884018e-11
2.378672259e-11
2.378794384e-11
2.378687525e-11
2.378676422e-11
2.378733321e-11
2.378768016e-11
2.378872099e-11
2.378830466e-11
2.37890263e-11
2.378729158e-11
2.378881814e-11
2.378916508e-11
2.378836017e-11
2.37872777e-11
2.378833242e-11
2.378751363e-11
2.378781894e-11
2.378924835e-11
2.378955366e-11
2.378876263e-11
2.378909569e-11
2.378829078e-11
2.378924835e-11
2.378831854e-11
2.379030306e-11
2.378985897e-11
2.378826303e-11
2.378978958e-11
2.379009489e-11
2.378963693e-11
2.378863773e-11
2.378873487e-11
2.378836017e-11
2.378829078e-11
2.378781894e-11
2.378773567e-11
2.378887365e-11
2.378894304e-11
2.378762465e-11
2.378788833e-11
2.378669484e-11
2.378686137e-11
2.378598707e-11
2.378604258e-11
2.378693076e-11
2.378693076e-11
2.378729158e-11
2.378737485e-11
2.378611197e-11
2.378650055e-11
2.378679198e-11
2.378684749e-11
2.37875275e-11
2.378769404e-11
2.378779118e-11
2.379002551e-11
2.378862385e-11
2.378831854e-11
2.378822139e-11
2.378958142e-11
2.378985897e-11
2.379009489e-11
2.379109409e-11
2.379144104e-11
2.37919684e-11
2.379152431e-11
2.379256514e-11
2.379389741e-11
2.379282882e-11
2.379364761e-11
2.379320352e-11
2.379355046e-11
2.379328679e-11
2.37915937e-11
2.3792468e-11
2.379280106e-11
2.379305086e-11
2.379454966e-11
2.379210717e-11
2.379335617e-11
2.379317576e-11
2.379428599e-11
2.379427211e-11
2.379274555e-11
2.379366149e-11
2.3792468e-11
2.379406394e-11
2.379317576e-11
2.379360597e-11
2.379417496e-11
2.379466069e-11
2.379389741e-11
2.379499375e-11
2.379478559e-11
2.379574315e-11
2.379564601e-11
2.379629827e-11
2.379554886e-11
2.379382802e-11
2.37935921e-11
2.379389741e-11
2.379330066e-11
2.379332842e-11
2.379185737e-11
2.379109409e-11
2.379034469e-11
2.379028918e-11
2.379059449e-11
2.379220432e-11
2.379214881e-11
2.379411945e-11
2.379330066e-11
2.379435537e-11
2.379450803e-11
2.379414721e-11
2.379520192e-11
2.379517416e-11
2.37959652e-11
2.379593744e-11
2.379699215e-11
2.379801911e-11
2.379822728e-11
2.379815789e-11
2.37988379e-11
2.379675623e-11
2.379810238e-11
2.379776931e-11
2.379811626e-11
2.379887953e-11
2.3797464e-11
2.379645092e-11
2.379542396e-11
2.379507702e-11
2.379582642e-11
2.379468844e-11
2.379518804e-11
2.37943415e-11
2.379443864e-11
2.379278718e-11
2.379403619e-11
2.379475783e-11
2.379527131e-11
2.3794966e-11
2.379337005e-11
2.379454966e-11
2.379486885e-11
2.379436925e-11
2.379510478e-11
2.379436925e-11
2.379568764e-11
2.3794966e-11
2.379502151e-11
2.379479946e-11
2.379528519e-11
2.379427211e-11
2.379577091e-11
2.379525743e-11
2.379452191e-11
2.379313413e-11
2.379282882e-11
2.379320352e-11
2.379414721e-11
2.379293984e-11
2.379217656e-11
2.379127451e-11
2.379126063e-11
2.379228758e-11
2.379139941e-11
2.379077491e-11
2.379120512e-11
2.379074715e-11
2.379187125e-11
2.379194064e-11
2.379134389e-11
2.379078878e-11
2.379016428e-11
2.379120512e-11
2.379121899e-11
2.378904018e-11
2.378935937e-11
2.379052511e-11
2.379071939e-11
2.379109409e-11
2.379009489e-11
2.379071939e-11
2.379019204e-11
2.379045572e-11
2.378959529e-11
2.379016428e-11
2.378974795e-11
2.378898467e-11
2.37897757e-11
2.379114961e-11
2.379128838e-11
2.379163533e-11
2.379169084e-11
2.37923431e-11
2.379260677e-11
2.379330066e-11
2.379432762e-11
2.379432762e-11
2.379442476e-11
2.379497988e-11
2.379399455e-11
2.37942166e-11
2.379367536e-11
2.379317576e-11
2.379342556e-11
2.37918435e-11
2.379332842e-11
2.379439701e-11
2.379581254e-11
2.37963399e-11
2.379599295e-11
2.379714481e-11
2.379610398e-11
2.379550723e-11
2.379567376e-11
2.379493824e-11
2.379525743e-11
2.379615949e-11
2.379543784e-11
2.379643704e-11
2.37964648e-11
2.379631214e-11
2.379661745e-11
2.379657582e-11
2.379697828e-11
2.37972142e-11
2.379586805e-11
2.379377251e-11
2.379640929e-11
2.379489661e-11
2.379488273e-11
2.379339781e-11
2.379293984e-11
2.379288433e-11
2.379314801e-11
2.379310637e-11
2.379356434e-11
2.379239861e-11
2.379194064e-11
2.379392516e-11
2.37930925e-11
2.379303699e-11
2.379224595e-11
2.379400843e-11
2.379435537e-11
2.379207942e-11
2.379180186e-11
2.37932174e-11
2.379220432e-11
2.379188513e-11
2.379299535e-11
2.379224595e-11
2.379289821e-11
2.379162145e-11
2.379181574e-11
2.379180186e-11
2.37928427e-11
2.379105246e-11
2.379260677e-11
2.379303699e-11
2.37929676e-11
2.379330066e-11
2.379287045e-11
2.379323127e-11
2.379323127e-11
2.379381414e-11
2.379615949e-11
2.379491049e-11
2.379517416e-11
2.379528519e-11
2.379542396e-11
2.379574315e-11
2.37948411e-11
2.379486885e-11
2.379377251e-11
2.379493824e-11
2.379467456e-11
2.379385577e-11
2.379388353e-11
2.379506314e-11
2.379442476e-11
2.379381414e-11
2.379303699e-11
2.379364761e-11
2.379328679e-11
2.379470232e-11
2.379443864e-11
2.37945913e-11
2.37943415e-11
2.379466069e-11
2.379395292e-11
2.379500763e-11
2.379393904e-11
2.379549335e-11
2.379303699e-11
2.379356434e-11
2.379249575e-11
2.379164921e-11
2.379245412e-11
2.379031694e-11
2.378851283e-11
2.378813813e-11
2.378872099e-11
2.37895259e-11
2.378867936e-11
2.378745811e-11
2.37871528e-11
2.378870712e-11
2.378963693e-11
2.37890263e-11
2.379015041e-11
2.378987285e-11
2.378956754e-11
2.378916508e-11
2.378951203e-11
2.378935937e-11
2.379078878e-11
2.379087205e-11
2.379033082e-11
2.379070552e-11
2.378910957e-11
2.378948427e-11
2.379141328e-11
2.379005326e-11
2.379005326e-11
2.378887365e-11
2.378736097e-11
2.378758301e-11
2.378619524e-11
2.378691688e-11
2.378781894e-11
2.378619524e-11
2.378736097e-11
2.378644504e-11
2.378676422e-11
2.378724995e-11
2.378681974e-11
2.378718056e-11
2.378484909e-11
2.378741648e-11
2.37862785e-11
2.378663932e-11
2.378673647e-11
2.378655606e-11
2.37864034e-11
2.378643116e-11
2.378738873e-11
2.378701403e-11
2.378723607e-11
2.378754138e-11
2.378670871e-11
2.378770791e-11
2.378723607e-11
2.378729158e-11
2.378812425e-11
2.37874026e-11
2.378638952e-11
2.378572339e-11
2.378455766e-11
2.37839054e-11
2.378429398e-11
2.378305886e-11
2.378389152e-11
2.378422459e-11
2.378405806e-11
2.378554298e-11
2.378509889e-11
2.378529318e-11
2.378533481e-11
2.378545971e-11
2.37847797e-11
2.378491848e-11
2.37855291e-11
2.378532094e-11
2.378683361e-11
2.378759689e-11
2.378755526e-11
2.378770791e-11
2.378743036e-11
2.378773567e-11
2.378887365e-11
2.378713893e-11
2.378784669e-11
2.378708341e-11
2.378898467e-11
2.378935937e-11
2.378959529e-11
2.378885977e-11
2.379026143e-11
2.378901243e-11
2.378998387e-11
2.378891528e-11
2.378904018e-11
2.378905406e-11
2.378935937e-11
2.379019204e-11
2.378994224e-11
2.379033082e-11
2.378967856e-11
2.378833242e-11
2.378784669e-11
2.378647279e-11
2.378748587e-11
2.378580666e-11
2.378655606e-11
2.378726383e-11
2.378798547e-11
2.378874875e-11
2.378959529e-11
2.379031694e-11
2.378958142e-11
2.379008102e-11
2.379006714e-11
2.379040021e-11
2.379073327e-11
2.379101083e-11
2.379239861e-11
2.379306474e-11
2.379373087e-11
2.379514641e-11
2.379567376e-11
2.379482722e-11
2.379547948e-11
2.379568764e-11
2.379568764e-11
2.379549335e-11
2.379518804e-11
2.379579866e-11
2.37958403e-11
2.379567376e-11
2.37954656e-11
2.379582642e-11
2.379715869e-11
2.379640929e-11
2.379693664e-11
2.379711705e-11
2.379556274e-11
2.379517416e-11
2.379481334e-11
2.37950909e-11
2.379370312e-11
2.379337005e-11
2.379343944e-11
2.379273167e-11
2.379087205e-11
2.379176023e-11
2.37920933e-11
2.379245412e-11
2.379335617e-11
2.379389741e-11
2.379507702e-11
2.379413333e-11
2.379457742e-11
2.379443864e-11
2.379518804e-11
2.379392516e-11
2.379460518e-11
2.379522968e-11
2.379466069e-11
2.379531294e-11
2.379400843e-11
2.379595132e-11
2.379542396e-11
2.379627051e-11
2.379442476e-11
2.37948411e-11
2.379503539e-11
2.379456354e-11
2.379528519e-11
2.379549335e-11
2.379589581e-11
2.379497988e-11
2.379527131e-11
2.379466069e-11
2.379454966e-11
2.379461905e-11
2.379567376e-11
2.37960901e-11
2.37960901e-11
2.379593744e-11
2.379538233e-11
2.379653419e-11
2.37954656e-11
2.379647868e-11
2.37968395e-11
2.379797748e-11
2.379851871e-11
2.37984632e-11
2.379765829e-11
2.379793584e-11
2.37979636e-11
2.379735298e-11
2.379807462e-11
2.37985881e-11
2.379887953e-11
2.379857422e-11
2.379756114e-11
2.379690889e-11
2.37972142e-11
2.379715869e-11
2.379943465e-11
2.379736685e-11
2.37983383e-11
2.379875463e-11
2.379817177e-11
2.379853259e-11
2.379899056e-11
2.379800523e-11
2.37993375e-11
2.379910158e-11
2.379942077e-11
2.379935138e-11
2.380014241e-11
2.379885178e-11
2.379806074e-11
2.379874076e-11
2.379792197e-11
2.379926811e-11
2.37985881e-11
2.379814401e-11
2.379979547e-11
2.37977138e-11
2.379835218e-11
2.379763053e-11
2.379713093e-11
2.379751951e-11
2.379657582e-11
2.379595132e-11
2.379493824e-11
2.379600683e-11
2.379560438e-11
2.379585418e-11
2.379535458e-11
2.379511865e-11
2.37945913e-11
2.379452191e-11
2.37945913e-11
2.379307862e-11
2.379410557e-11
2.379445252e-11
2.379414721e-11
2.379536845e-11
2.379423047e-11
2.37952158e-11
2.379525743e-11
2.379574315e-11
2.379453579e-11
2.379475783e-11
2.379388353e-11
2.379337005e-11
2.379457742e-11
2.37943415e-11
2.379542396e-11
2.379528519e-11
2.379586805e-11
2.379592356e-11
2.37953407e-11
2.379556274e-11
2.37954656e-11
2.379565989e-11
2.379550723e-11
2.379622888e-11
2.379567376e-11
2.379692277e-11
2.379642317e-11
2.379706154e-11
2.379665909e-11
2.379613173e-11
2.379625663e-11
2.379610398e-11
2.379565989e-11
2.379606234e-11
2.379588193e-11
2.379620112e-11
2.379675623e-11
2.379785258e-11
2.379729747e-11
2.379806074e-11
2.379806074e-11
2.379756114e-11
2.379767217e-11
2.379811626e-11
2.379901831e-11
2.379747788e-11
2.379850483e-11
2.379903219e-11
2.379939301e-11
2.37990877e-11
2.379901831e-11
2.379829667e-11
2.379837993e-11
2.379725583e-11
2.379657582e-11
2.379765829e-11
2.379729747e-11
2.379599295e-11
2.37964648e-11
2.379554886e-11
2.379593744e-11
2.379685338e-11
2.379628439e-11
2.379715869e-11
2.379760278e-11
2.379853259e-11
2.37982134e-11
2.379817177e-11
2.37965897e-11
2.379688113e-11
2.379622888e-11
2.37955905e-11
2.379678399e-11
2.379643704e-11
2.379552111e-11
2.379564601e-11
2.379593744e-11
2.379511865e-11
2.379399455e-11
2.379572928e-11
2.379400843e-11
2.379367536e-11
2.379349495e-11
2.379410557e-11
2.379364761e-11
2.379377251e-11
2.379335617e-11
2.379263453e-11
2.379084429e-11
2.379137165e-11
2.379006714e-11
2.379009489e-11
2.379060837e-11
2.378999775e-11
2.378885977e-11
2.378956754e-11
2.379001163e-11
2.378855446e-11
2.378899855e-11
2.378944264e-11
2.379095532e-11
2.379151043e-11
2.379105246e-11
2.379112185e-11
2.379170472e-11
2.379255126e-11
2.379367536e-11
2.379289821e-11
2.379460518e-11
2.379513253e-11
2.379392516e-11
2.379510478e-11
2.379615949e-11
2.379582642e-11
2.379585418e-11
2.379500763e-11
2.379420272e-11
2.379331454e-11
2.379274555e-11
2.379176023e-11
2.379109409e-11
2.379053898e-11
2.379026143e-11
2.378870712e-11
2.378874875e-11
2.378859609e-11
2.378743036e-11
2.378819364e-11
2.378833242e-11
2.378779118e-11
2.378651442e-11
2.378582054e-11
2.378604258e-11
2.378476582e-11
2.378484909e-11
2.378572339e-11
2.378562625e-11
2.378497399e-11
2.378576502e-11
2.378545971e-11
2.378558461e-11
2.378379438e-11
2.37839054e-11
2.378454378e-11
2.378419683e-11
2.378304498e-11
2.378339192e-11
2.378376662e-11
2.378466868e-11
2.378405806e-11
2.378354458e-11
2.378351682e-11
2.378262864e-11
2.37817821e-11
2.378296171e-11
2.37825315e-11
2.378343356e-11
2.378339192e-11
2.378261477e-11
2.378316988e-11
2.378335029e-11
2.378389152e-11
2.378404418e-11
2.378322539e-11
2.378321151e-11
2.37841552e-11
2.378199027e-11
2.378360009e-11
2.378358621e-11
2.378275354e-11
2.378268416e-11
2.378232333e-11
2.378350294e-11
2.378358621e-11
2.3783156e-11
2.378269803e-11
2.378262864e-11
2.378167108e-11
2.378018615e-11
2.37797837e-11
2.378046371e-11
2.378010289e-11
2.377945063e-11
2.377974206e-11
2.377852082e-11
2.377818775e-11
2.377764652e-11
2.377718855e-11
2.377846531e-11
2.377795183e-11
2.377897879e-11
2.377896491e-11
2.378067188e-11
2.377989472e-11
2.37814074e-11
2.378108821e-11
2.3781907e-11
2.378255926e-11
2.378258701e-11
2.378171271e-11
2.378139352e-11
2.378131025e-11
2.378168495e-11
2.378025554e-11
2.378235109e-11
2.377964492e-11
2.377818775e-11
2.377888164e-11
2.377785469e-11
2.377910369e-11
2.377817387e-11
2.377774366e-11
2.377857633e-11
2.377861796e-11
2.377850694e-11
2.37784098e-11
2.37786596e-11
2.377847919e-11
2.377964492e-11
2.378081065e-11
2.378207353e-11
2.378236497e-11
2.378172659e-11
2.378251762e-11
2.37826564e-11
2.378226782e-11
2.378097719e-11
2.377976982e-11
2.377796571e-11
2.377806285e-11
2.377760489e-11
2.377696651e-11
2.377575914e-11
2.377630037e-11
2.377630037e-11
2.377677222e-11
2.377699426e-11
2.377588404e-11
2.377439912e-11
2.377469055e-11
2.377355257e-11
2.37730946e-11
2.377242847e-11
2.377287256e-11
2.377216479e-11
2.377188724e-11
2.377212316e-11
2.37730946e-11
2.377216479e-11
2.37710962e-11
2.377140151e-11
2.377170683e-11
2.377185948e-11
2.377195663e-11
2.377206765e-11
2.377219255e-11
2.377224806e-11
2.377281705e-11
2.377280317e-11
2.377248398e-11
2.377116559e-11
2.377163744e-11
2.377123498e-11
2.377076314e-11
2.377081865e-11
2.37714709e-11
2.377101294e-11
2.376951413e-11
2.376895902e-11
2.377048558e-11
2.377002761e-11
2.377051334e-11
2.376956965e-11
2.37697223e-11
2.377095742e-11
2.377058272e-11
2.377045782e-11
2.377083252e-11
2.376987496e-11
2.376999986e-11
2.37684733e-11
2.377036068e-11
2.377019415e-11
2.377006925e-11
2.376902841e-11
2.376925046e-11
2.376986108e-11
2.37693476e-11
2.377041619e-11
2.37698472e-11
2.377061048e-11
2.376968067e-11
2.377033292e-11
2.377154029e-11
2.377228969e-11
2.377156805e-11
2.376980557e-11
2.377126274e-11
2.376994435e-11
2.377092967e-11
2.377155417e-11
2.377127661e-11
2.377135988e-11
2.377086028e-11
2.377079089e-11
2.377188724e-11
2.377135988e-11
2.377173458e-11
2.377086028e-11
2.377119335e-11
2.377255337e-11
2.377140151e-11
2.37709713e-11
2.376999986e-11
2.377074926e-11
2.377002761e-11
2.377063824e-11
2.377101294e-11
2.377029129e-11
2.377212316e-11
2.377277541e-11
2.377292807e-11
2.377203989e-11
2.377181785e-11
2.377173458e-11
2.377098518e-11
2.377108232e-11
2.377027741e-11
2.377105457e-11
2.377181785e-11
2.377160968e-11
2.377166519e-11
2.377091579e-11
2.377108232e-11
2.377231745e-11
2.377104069e-11
2.377101294e-11
2.376900066e-11
2.376930597e-11
2.376908392e-11
2.376988884e-11
2.376933372e-11
2.376965291e-11
2.376938923e-11
2.376820962e-11
2.376919495e-11
2.376868147e-11
2.377029129e-11
2.37705966e-11
2.377190111e-11
2.377183173e-11
2.37712211e-11
2.377152641e-11
2.377094355e-11
2.377018027e-11
2.377087416e-11
2.377101294e-11
2.377088804e-11
2.377231745e-11
2.377245623e-11
2.377177621e-11
2.377253949e-11
2.377124886e-11
2.377073538e-11
2.377116559e-11
2.377170683e-11
2.377183173e-11
2.377273378e-11
2.377315012e-11
2.377213704e-11
2.377073538e-11
2.377065211e-11
2.377069375e-11
2.377187336e-11
2.377152641e-11
2.377113784e-11
2.377165131e-11
2.377030517e-11
2.376979169e-11
2.377027741e-11
2.376991659e-11
2.377051334e-11
2.37712211e-11
2.37719705e-11
2.377233133e-11
2.377265051e-11
2.377170683e-11
2.377140151e-11
2.377041619e-11
2.376963903e-11
2.376948638e-11
2.376937536e-11
2.377004149e-11
2.377094355e-11
2.377088804e-11
2.377094355e-11
2.377094355e-11
2.377029129e-11
2.376936148e-11
2.376937536e-11
2.376926433e-11
2.376863983e-11
2.376954189e-11
2.376852881e-11
2.376818187e-11
2.376819574e-11
2.376913943e-11
2.376905617e-11
2.376950026e-11
2.376833452e-11
2.376945862e-11
2.376958352e-11
2.376981945e-11
2.377049946e-11
2.376941699e-11
2.376969455e-11
2.376888963e-11
2.376945862e-11
2.376958352e-11
2.377029129e-11
2.377167907e-11
2.377177621e-11
2.37717207e-11
2.377242847e-11
2.37728448e-11
2.377011088e-11
2.377217867e-11
2.377302522e-11
2.377255337e-11
2.377227581e-11
2.377398278e-11
2.377449626e-11
2.377460728e-11
2.377466279e-11
2.377430197e-11
2.377373298e-11
2.377495423e-11
2.377414932e-11
2.377528729e-11
2.377331665e-11
2.377308073e-11
2.377287256e-11
2.37712211e-11
2.377169295e-11
2.377176234e-11
2.377260888e-11
2.377313624e-11
2.377323338e-11
2.377466279e-11
2.377326114e-11
2.377335828e-11
2.377435748e-11
2.377562036e-11
2.377541219e-11
2.377636976e-11
2.377660568e-11
2.377695263e-11
2.377600894e-11
2.37770359e-11
2.377563424e-11
2.377580077e-11
2.377573138e-11
2.377679997e-11
2.377527342e-11
2.377580077e-11
2.377503749e-11
2.377738284e-11
2.377671671e-11
2.377713304e-11
2.377824326e-11
2.377699426e-11
2.377724406e-11
2.377770203e-11
2.377675834e-11
2.377845143e-11
2.37782849e-11
2.377888164e-11
2.377846531e-11
2.377882613e-11
2.377857633e-11
2.377968655e-11
2.378010289e-11
2.378024166e-11
2.377950614e-11
2.3779409e-11
2.37791592e-11
2.377770203e-11
2.377896491e-11
2.377897879e-11
2.377877062e-11
2.37792841e-11
2.377981145e-11
2.377843755e-11
2.377910369e-11
2.377950614e-11
2.377942288e-11
2.377960329e-11
2.377886776e-11
2.37784098e-11
2.37792841e-11
2.378021391e-11
2.378143515e-11
2.377975594e-11
2.378018615e-11
2.378081065e-11
2.37815323e-11
2.378104658e-11
2.378133801e-11
2.378157393e-11
2.378126862e-11
2.378225394e-11
2.37815323e-11
2.378129638e-11
2.378099107e-11
2.378156005e-11
2.378160169e-11
2.378200414e-11
2.37816572e-11
2.378199027e-11
2.378247599e-11
2.378271191e-11
2.378257313e-11
2.378222619e-11
2.37830311e-11
2.378401642e-11
2.378273967e-11
2.378404418e-11
2.378407193e-11
2.378426622e-11
2.378566788e-11
2.378579278e-11
2.378662545e-11
2.378533481e-11
2.378534869e-11
2.378654218e-11
2.378691688e-11
2.378644504e-11
2.378622299e-11
2.378564012e-11
2.37861536e-11
2.378611197e-11
2.378433561e-11
2.37846548e-11
2.378650055e-11
2.37852793e-11
2.378437725e-11
2.378387765e-11
2.378458541e-11
2.378429398e-11
2.378519603e-11
2.378454378e-11
2.378329478e-11
2.378501562e-11
2.378429398e-11
2.378436337e-11
2.378398867e-11
2.378330866e-11
2.3783156e-11
2.378329478e-11
2.378260089e-11
2.378054698e-11
2.378060249e-11
2.37789094e-11
2.377849306e-11
2.377911756e-11
2.377861796e-11
2.377817387e-11
2.37779102e-11
2.377782693e-11
2.37776604e-11
2.377846531e-11
2.377788244e-11
2.377960329e-11
2.377845143e-11
2.377867347e-11
2.377764652e-11
2.377792407e-11
2.37786596e-11
2.377956165e-11
2.37784098e-11
2.377974206e-11
2.377979758e-11
2.378176822e-11
2.378082453e-11
2.378097719e-11
2.378013064e-11
2.377963104e-11
2.377875674e-11
2.377960329e-11
2.37789094e-11
2.377921471e-11
2.377854857e-11
2.377860409e-11
2.377918695e-11
2.377875674e-11
2.377856245e-11
2.377960329e-11
2.377899266e-11
2.377850694e-11
2.377886776e-11
2.377900654e-11
2.377924246e-11
2.377739672e-11
2.377835429e-11
2.377771591e-11
2.377892327e-11
2.377700814e-11
2.377777142e-11
2.377725794e-11
2.377799346e-11
2.377835429e-11
2.377774366e-11
2.377825714e-11
2.377789632e-11
2.377886776e-11
2.377670283e-11
2.377814612e-11
2.377747998e-11
2.377685548e-11
2.377689712e-11
2.377557873e-11
2.377519015e-11
2.377482933e-11
2.377435748e-11
2.377502362e-11
2.377455177e-11
2.377542607e-11
2.377478769e-11
2.377367747e-11
2.377456565e-11
2.37722203e-11
2.377376074e-11
2.377406605e-11
2.377521791e-11
2.377477382e-11
2.377570363e-11
2.377552322e-11
2.377562036e-11
2.377605057e-11
2.377427422e-11
2.377520403e-11
2.377363584e-11
2.377349706e-11
2.377552322e-11
2.377648078e-11
2.377582853e-11
2.377649466e-11
2.377582853e-11
2.377700814e-11
2.377674446e-11
2.377631425e-11
2.377657793e-11
2.377571751e-11
2.377539832e-11
2.377531505e-11
2.377632813e-11
2.377702202e-11
2.377777142e-11
2.377793795e-11
2.377827102e-11
2.377746611e-11
2.377771591e-11
2.377811836e-11
2.377679997e-11
2.377607833e-11
2.377549546e-11
2.377614772e-11
2.377724406e-11
2.377610608e-11
2.377772979e-11
2.377673058e-11
2.377816e-11
2.3776911e-11
2.377681385e-11
2.377607833e-11
2.377774366e-11
2.377929798e-11
2.377747998e-11
2.377611996e-11
2.377605057e-11
2.377677222e-11
2.3776911e-11
2.377542607e-11
2.377609221e-11
2.377416319e-11
2.377524566e-11
2.377466279e-11
2.377451014e-11
2.377552322e-11
2.377606445e-11
2.377514852e-11
2.377353869e-11
2.377251174e-11
2.377202601e-11
2.377188724e-11
2.377090191e-11
2.376979169e-11
2.376805697e-11
2.376748798e-11
2.376662755e-11
2.376743247e-11
2.376743247e-11
2.376605857e-11
2.376601693e-11
2.376504549e-11
2.376604469e-11
2.376515651e-11
2.376644714e-11
2.37658504e-11
2.376636388e-11
2.376565611e-11
2.376503161e-11
2.376616959e-11
2.376576713e-11
2.37656006e-11
2.376468466e-11
2.37653508e-11
2.376551733e-11
2.37634773e-11
2.376530917e-11
2.37653508e-11
2.376665531e-11
2.37661002e-11
2.376644714e-11
2.376573938e-11
2.376628061e-11
2.376578101e-11
2.376636388e-11
2.376571162e-11
2.376474018e-11
2.376414343e-11
2.376303321e-11
2.376351893e-11
2.376314423e-11
2.376290831e-11
2.3762603e-11
2.376354669e-11
2.376163155e-11
2.376140951e-11
2.376168706e-11
2.376218666e-11
2.376229769e-11
2.376215891e-11
2.376163155e-11
2.376052133e-11
2.376007724e-11
2.376014663e-11
2.376035479e-11
2.376071562e-11
2.376261687e-11
2.376168706e-11
2.376029928e-11
2.376289443e-11
2.376200625e-11
2.376308872e-11
2.376325525e-11
2.376333852e-11
2.376362995e-11
2.376228381e-11
2.376254749e-11
2.376018826e-11
2.375993846e-11
2.375911967e-11
2.375975805e-11
2.375788455e-11
2.37581621e-11
2.375720454e-11
2.37562886e-11
2.375649677e-11
2.375508124e-11
2.375463715e-11
2.375544206e-11
2.375465102e-11
2.375454e-11
2.375377672e-11
2.375383223e-11
2.37530412e-11
2.375208363e-11
2.375211139e-11
2.375069585e-11
2.375082075e-11
2.375194486e-11
2.3752042e-11
2.375143138e-11
2.375015462e-11
2.375036279e-11
2.375037667e-11
2.375070973e-11
2.375043218e-11
2.37487946e-11
2.374882235e-11
2.374950236e-11
2.374780927e-11
2.374762886e-11
2.374538066e-11
2.374481167e-11
2.374479779e-11
2.374549168e-11
2.374640762e-11
2.374561658e-11
2.374468677e-11
2.374440922e-11
2.374503372e-11
2.374440922e-11
2.374325736e-11
2.374452024e-11
2.374313246e-11
2.374363206e-11
2.374339614e-11
2.374307695e-11
2.374349328e-11
2.374334063e-11
2.374384023e-11
2.374385411e-11
2.374328512e-11
2.374388186e-11
2.374343777e-11
2.374231367e-11
2.37421055e-11
2.374166141e-11
2.374038466e-11
2.374071773e-11
2.373994057e-11
2.374103691e-11
2.373981567e-11
2.374125896e-11
2.374128671e-11
2.374102304e-11
2.374025976e-11
2.374020425e-11
2.374007935e-11
2.374218877e-11
2.374084263e-11
2.373953811e-11
2.374020425e-11
2.373870545e-11
2.373830299e-11
2.373821972e-11
2.37393577e-11
2.373831687e-11
2.373859442e-11
2.373957975e-11
2.374030139e-11
2.373982955e-11
2.37398573e-11
2.373914954e-11
2.373855279e-11
2.373859442e-11
2.373826136e-11
2.373906627e-11
2.373877483e-11
2.373876096e-11
2.373715113e-11
2.373633234e-11
2.373569397e-11
2.373659602e-11
2.373667929e-11
2.373777563e-11
2.373758134e-11
2.373794217e-11
2.373869157e-11
2.373830299e-11
2.37382336e-11
2.37384834e-11
2.373731767e-11
2.373727603e-11
2.373720664e-11
2.373667929e-11
2.373520824e-11
2.373644337e-11
2.373579111e-11
2.373716501e-11
2.373690133e-11
2.373740093e-11
2.373734542e-11
2.37387332e-11
2.373781727e-11
2.373802543e-11
2.373780339e-11
2.373724828e-11
2.373670704e-11
2.373533314e-11
2.373722052e-11
2.37363601e-11
2.373684582e-11
2.373816421e-11
2.373633234e-11
2.373674868e-11
2.373715113e-11
2.373753971e-11
2.373894137e-11
2.373834462e-11
2.373763686e-11
2.373724828e-11
2.373887198e-11
2.373715113e-11
2.373747032e-11
2.373806707e-11
2.373817809e-11
2.373784502e-11
2.373662378e-11
2.373712338e-11
2.373809482e-11
2.373676256e-11
2.373572172e-11
2.373702623e-11
2.373724828e-11
2.373792829e-11
2.37371095e-11
2.373722052e-11
2.373665153e-11
2.373683194e-11
2.373712338e-11
2.373713726e-11
2.373795605e-11
2.373795605e-11
2.373733154e-11
2.373828911e-11
2.373851116e-11
2.373859442e-11
2.373688746e-11
2.373713726e-11
2.373674868e-11
2.373751196e-11
2.373917729e-11
2.373731767e-11
2.373842789e-11
2.373737318e-11
2.37369846e-11
2.373770625e-11
2.373781727e-11
2.373749808e-11
2.37368597e-11
2.373602703e-11
2.373591601e-11
2.373634622e-11
2.373537478e-11
2.373579111e-11
2.373595764e-11
2.373591601e-11
2.373595764e-11
2.373502783e-11
2.373549968e-11
2.373594377e-11
2.373555519e-11
2.37341119e-11
2.37354858e-11
2.373537478e-11
2.373541641e-11
2.373438945e-11
2.373505559e-11
2.373409802e-11
2.373345964e-11
2.373247432e-11
2.37344866e-11
2.373251595e-11
2.373397312e-11
2.373351515e-11
2.373400088e-11
2.373364005e-11
2.373307106e-11
2.373160002e-11
2.373187757e-11
2.373101715e-11
2.373262697e-11
2.37311143e-11
2.373085062e-11
2.373107266e-11
2.373229391e-11
2.373304331e-11
2.373297392e-11
2.373133634e-11
2.373121144e-11
2.372997632e-11
2.372836649e-11
2.372832486e-11
2.372795016e-11
2.372968488e-11
2.372854691e-11
2.373032326e-11
2.37308645e-11
2.373089225e-11
2.373003183e-11
2.373040653e-11
2.373169716e-11
2.373135022e-11
2.373178043e-11
2.373259922e-11
2.373140573e-11
2.373221064e-11
2.373087837e-11
2.373018448e-11
2.373067021e-11
2.373005958e-11
2.372917141e-11
2.37274228e-11
2.372781138e-11
2.372782526e-11
2.372733954e-11
2.372790853e-11
2.372670116e-11
2.372724239e-11
2.372757546e-11
2.372639585e-11
2.372581298e-11
2.372636809e-11
2.372470276e-11
2.372332886e-11
2.372312069e-11
2.372176067e-11
2.372395336e-11
2.372357866e-11
2.372434194e-11
2.372420316e-11
2.372396724e-11
2.37233011e-11
2.372341212e-11
2.372214924e-11
2.372173291e-11
2.372188557e-11
2.372101127e-11
2.372003982e-11
2.371994268e-11
2.372015084e-11
2.372049779e-11
2.372115004e-11
2.372078922e-11
2.372128882e-11
2.37204284e-11
2.371945695e-11
2.371916552e-11
2.371806918e-11
2.371831898e-11
2.371834673e-11
2.371822183e-11
2.371887409e-11
2.371949859e-11
2.371923491e-11
2.372008145e-11
2.372012309e-11
2.372098351e-11
2.37201786e-11
2.372028962e-11
2.371998431e-11
2.372137209e-11
2.372073371e-11
2.372184393e-11
2.37204284e-11
2.372088637e-11
2.372116392e-11
2.372001207e-11
2.372164964e-11
2.372124719e-11
2.372062269e-11
2.371970675e-11
2.371923491e-11
2.372153862e-11
2.371947083e-11
2.372026187e-11
2.372044228e-11
2.372019248e-11
2.371874919e-11
2.37189296e-11
2.37199288e-11
2.372206598e-11
2.37205533e-11
2.372066432e-11
2.372035901e-11
2.371899899e-11
2.371840224e-11
2.3719679e-11
2.372033125e-11
2.37208031e-11
2.372098351e-11
2.37188047e-11
2.37193043e-11
2.371929042e-11
2.371819408e-11
2.371856878e-11
2.371987329e-11
2.371934593e-11
2.371877694e-11
2.371959573e-11
2.371847163e-11
2.371915164e-11
2.371747243e-11
2.371911001e-11
2.372121943e-11
2.371985941e-11
2.371909613e-11
2.371965124e-11
2.372035901e-11
2.371965124e-11
2.371952634e-11
2.371897123e-11
2.371787489e-11
2.371747243e-11
2.371751406e-11
2.371564056e-11
2.37150577e-11
2.371465524e-11
2.371496055e-11
2.371521035e-11
2.371519647e-11
2.371550178e-11
2.371533525e-11
2.371471075e-11
2.371405849e-11
2.371247643e-11
2.371279562e-11
2.371373931e-11
2.371318419e-11
2.371244867e-11
2.37127401e-11
2.371421115e-11
2.371432217e-11
2.371386421e-11
2.371283725e-11
2.371325358e-11
2.371408625e-11
2.371254582e-11
2.371298991e-11
2.371364216e-11
2.371128294e-11
2.371296215e-11
2.371351726e-11
2.371332297e-11
2.371283725e-11
2.371219887e-11
2.371269847e-11
2.371403074e-11
2.371268459e-11
2.371385033e-11
2.371294827e-11
2.371298991e-11
2.371243479e-11
2.371165764e-11
2.371342012e-11
2.371200458e-11
2.371181029e-11
2.371355889e-11
2.371146335e-11
2.37121156e-11
2.37106168e-11
2.371004781e-11
2.371068619e-11
2.370895147e-11
2.370846575e-11
2.370828533e-11
2.370759145e-11
2.370670327e-11
2.370792451e-11
2.370616203e-11
2.370660612e-11
2.370605101e-11
2.370460772e-11
2.370491303e-11
2.370477425e-11
2.370430241e-11
2.370455221e-11
2.370395547e-11
2.370297014e-11
2.370402485e-11
2.370302565e-11
2.370206809e-11
2.370222074e-11
2.370226238e-11
2.370255381e-11
2.370371954e-11
2.370434404e-11
2.370476038e-11
2.370471874e-11
2.370377505e-11
2.370359464e-11
2.370389995e-11
2.37047465e-11
2.370453833e-11
2.37027481e-11
2.370284524e-11
2.370321994e-11
2.370323382e-11
2.370308116e-11
2.370356689e-11
2.370451058e-11
2.370470487e-11
2.370480201e-11
2.370416363e-11
2.370553753e-11
2.370446894e-11
2.370377505e-11
2.370417751e-11
2.370495467e-11
2.370555141e-11
2.370396934e-11
2.370542651e-11
2.370467711e-11
2.370444119e-11
2.370578733e-11
2.370482977e-11
2.370476038e-11
2.37043718e-11
2.370416363e-11
2.37049963e-11
2.370451058e-11
2.370430241e-11
2.370381669e-11
2.370442731e-11
2.370395547e-11
2.37047465e-11
2.370433017e-11
2.370417751e-11
2.370320606e-11
2.370292851e-11
2.370240115e-11
2.370284524e-11
2.37026232e-11
2.37034975e-11
2.370177665e-11
2.370119379e-11
2.37007497e-11
2.370123542e-11
2.370244279e-11
2.370220686e-11
2.370161012e-11
2.370205421e-11
2.370235952e-11
2.370184604e-11
2.370098562e-11
2.37011244e-11
2.369973662e-11
2.369879293e-11
2.369877905e-11
2.369837659e-11
2.369943131e-11
2.369884844e-11
2.369927865e-11
2.369936192e-11
2.369779373e-11
2.370001417e-11
2.369938967e-11
2.369954233e-11
2.369773822e-11
2.369879293e-11
2.369721086e-11
2.369690555e-11
2.369611452e-11
2.369811292e-11
2.369800189e-11
2.369827945e-11
2.369786312e-11
2.369793251e-11
2.369887619e-11
2.369902885e-11
2.369916763e-11
2.369938967e-11
2.369875129e-11
2.369859864e-11
2.369887619e-11
2.369816843e-11
2.369691943e-11
2.369827945e-11
2.369876517e-11
2.369614227e-11
2.369662799e-11
2.369607288e-11
2.3696059e-11
2.369707208e-11
2.369437979e-11
2.369461571e-11
2.369369978e-11
2.369403285e-11
2.369476837e-11
2.369400509e-11
2.369467123e-11
2.369617003e-11
2.369682228e-11
2.36968084e-11
2.369746066e-11
2.369880681e-11
2.369725249e-11
2.369793251e-11
2.369790475e-11
2.369793251e-11
2.369784924e-11
2.369625329e-11
2.36963088e-11
2.369551777e-11
2.369451857e-11
2.369582308e-11
2.369590635e-11
2.369704433e-11
2.369612839e-11
2.369601737e-11
2.369532348e-11
2.369422714e-11
2.369411611e-11
2.369478225e-11
2.369386631e-11
2.369320018e-11
2.369429652e-11
2.369467123e-11
2.36951847e-11
2.369394958e-11
2.36941855e-11
2.369481e-11
2.369525409e-11
2.369233976e-11
2.369308916e-11
2.369217322e-11
2.368988339e-11
2.369023033e-11
2.368871765e-11
2.368857888e-11
2.368999441e-11
2.368828744e-11
2.368875929e-11
2.368796825e-11
2.368870378e-11
2.368862051e-11
2.368964747e-11
2.368934215e-11
2.368941154e-11
2.368867602e-11
2.368857888e-11
2.368739926e-11
2.368727436e-11
2.368830132e-11
2.368730212e-11
2.368598373e-11
2.368530372e-11
2.368545637e-11
2.368513718e-11
2.368515106e-11
2.368424901e-11
2.368422125e-11
2.368347185e-11
2.368211183e-11
2.368208407e-11
2.368322205e-11
2.368458207e-11
2.36841935e-11
2.368415186e-11
2.368412411e-11
2.368430452e-11
2.368291674e-11
2.368298613e-11
2.368304164e-11
2.368437391e-11
2.368370777e-11
2.368293062e-11
2.368261143e-11
2.368233387e-11
2.368230612e-11
2.368233387e-11
2.368177876e-11
2.368251428e-11
2.368089058e-11
2.368102936e-11
2.368243102e-11
2.368251428e-11
2.368197305e-11
2.368168162e-11
2.368066854e-11
2.368230612e-11
2.368250041e-11
2.368258367e-11
2.368356899e-11
2.368384655e-11
2.368352736e-11
2.368324981e-11
2.368234775e-11
2.368263918e-11
2.368222285e-11
2.368133467e-11
2.368114038e-11
2.368244489e-11
2.368115426e-11
2.368211183e-11
2.368284735e-11
2.368251428e-11
2.368334695e-11
2.368265306e-11
2.368234775e-11
2.36812514e-11
2.368107099e-11
2.368095997e-11
2.368068241e-11
2.368057139e-11
2.36798775e-11
2.367990526e-11
2.368027996e-11
2.368032159e-11
2.368011343e-11
2.368007179e-11
2.368051588e-11
2.367836482e-11
2.367797625e-11
2.3678004e-11
2.367778196e-11
2.367760155e-11
2.367811502e-11
2.367736562e-11
2.367706031e-11
2.367636642e-11
2.367621377e-11
2.367590846e-11
2.367518681e-11
2.367540886e-11
2.367447904e-11
2.367421537e-11
2.36746317e-11
2.367295249e-11
2.36743819e-11
2.367521457e-11
2.367384067e-11
2.367399332e-11
2.36732578e-11
2.367127327e-11
2.367114837e-11
2.367196716e-11
2.367017693e-11
2.366941365e-11
2.366823404e-11
2.366890017e-11
2.366838669e-11
2.366819241e-11
2.366883078e-11
2.366776219e-11
2.366691565e-11
2.366705443e-11
2.366704055e-11
2.366740137e-11
2.366797036e-11
2.366769281e-11
2.366540297e-11
2.366654095e-11
2.366733198e-11
2.366740137e-11
2.366810914e-11
2.366735974e-11
2.366543073e-11
2.366692953e-11
2.366701279e-11
2.366616625e-11
2.366737362e-11
2.366658258e-11
2.366595808e-11
2.366659646e-11
2.36646952e-11
2.366702667e-11
2.366720708e-11
2.366790097e-11
2.366946916e-11
2.366785934e-11
2.366815077e-11
2.366841445e-11
2.366858098e-11
2.366799812e-11
2.366661034e-11
2.366670748e-11
2.366533358e-11
2.366513929e-11
2.366488949e-11
2.366488949e-11
2.366609686e-11
2.366587482e-11
2.36656944e-11
2.366495888e-11
2.366627727e-11
2.366587482e-11
2.366623564e-11
2.366640217e-11
2.366554175e-11
2.366487561e-11
2.366618013e-11
2.366488949e-11
2.366563889e-11
2.366667973e-11
2.366595808e-11
2.366762342e-11
2.366751239e-11
2.366583318e-11
2.366637442e-11
2.366552787e-11
2.366487561e-11
2.366434826e-11
2.366568053e-11
2.366645768e-11
2.366505603e-11
2.366477847e-11
2.366480623e-11
2.366504215e-11
2.366401519e-11
2.366384866e-11
2.36623221e-11
2.366248864e-11
2.366229435e-11
2.366266905e-11
2.366223883e-11
2.366326579e-11
2.366372376e-11
2.36631964e-11
2.366398744e-11
2.366440377e-11
2.366261354e-11
2.366251639e-11
2.366386254e-11
2.366336294e-11
2.36634462e-11
2.366189189e-11
2.366330742e-11
2.366275231e-11
2.366060126e-11
2.366136453e-11
2.366055962e-11
2.366114249e-11
2.366189189e-11
2.366049023e-11
2.366130902e-11
2.366185026e-11
2.366254415e-11
2.366355722e-11
2.366246088e-11
2.366375151e-11
2.366377927e-11
2.366443153e-11
2.366279395e-11
2.366358498e-11
2.366351559e-11
2.36623221e-11
2.366373764e-11
2.366334906e-11
2.366366825e-11
2.366341845e-11
2.366404295e-11
2.366426499e-11
2.366437601e-11
2.366322416e-11
2.366289109e-11
2.366298824e-11
2.366315477e-11
2.366337681e-11
2.366262741e-11
2.36633213e-11
2.366389029e-11
2.366359886e-11
2.366422336e-11
2.366366825e-11
2.366286334e-11
2.366361274e-11
2.366315477e-11
2.366386254e-11
2.366334906e-11
2.36644454e-11
2.366418173e-11
2.366459806e-11
2.366365437e-11
2.366513929e-11
2.36655695e-11
2.366543073e-11
2.366615237e-11
2.366641605e-11
2.366584706e-11
2.366629115e-11
2.366605523e-11
2.366647156e-11
2.366604135e-11
2.366616625e-11
2.366774832e-11
2.366687402e-11
2.366824792e-11
2.366845608e-11
2.366823404e-11
2.366794261e-11
2.366780383e-11
2.366791485e-11
2.366790097e-11
2.366708218e-11
2.366738749e-11
2.366871976e-11
2.366794261e-11
2.366817853e-11
2.366820628e-11
2.366833118e-11
2.366899732e-11
2.366873364e-11
2.366844221e-11
2.366858098e-11
2.366871976e-11
2.366780383e-11
2.366885854e-11
2.366908058e-11
2.366871976e-11
2.36690112e-11
2.366819241e-11
2.366840057e-11
2.366774832e-11
2.36688863e-11
2.366813689e-11
2.366858098e-11
2.366928875e-11
2.366923324e-11
2.366798424e-11
2.366762342e-11
2.366902507e-11
2.366842833e-11
2.366783158e-11
2.366810914e-11
2.366849772e-11
2.36701353e-11
2.366878915e-11
2.367077367e-11
2.36712594e-11
2.367256391e-11
2.367317453e-11
2.367316065e-11
2.367356311e-11
2.367359087e-11
2.367266105e-11
2.367211982e-11
2.367098184e-11
2.367170349e-11
2.367192553e-11
2.367231411e-11
2.367157859e-11
2.367249452e-11
2.367149532e-11
2.367259166e-11
2.367091245e-11
2.367132879e-11
2.367123164e-11
2.36720088e-11
2.367102347e-11
2.367121776e-11
2.367131491e-11
2.367042673e-11
2.367096796e-11
2.367168961e-11
2.367066265e-11
2.366962182e-11
2.366944141e-11
2.366912222e-11
2.366998264e-11
2.366849772e-11
2.366891405e-11
2.366849772e-11
2.366755403e-11
2.366877527e-11
2.366846996e-11
2.366921936e-11
2.367012142e-11
2.366949692e-11
2.366860874e-11
2.366980223e-11
2.366928875e-11
2.366958018e-11
2.366797036e-11
2.366794261e-11
2.366766505e-11
2.366695728e-11
2.366638829e-11
2.366667973e-11
2.366748464e-11
2.366629115e-11
2.366620788e-11
2.366487561e-11
2.366366825e-11
2.366401519e-11
2.366368212e-11
2.366408458e-11
2.366387641e-11
2.366379315e-11
2.366197516e-11
2.366083718e-11
2.366060126e-11
2.366096208e-11
2.366146168e-11
2.365946328e-11
2.365950491e-11
2.365718732e-11
2.365772855e-11
2.365710405e-11
2.365574403e-11
2.365647955e-11
2.365527219e-11
2.365473095e-11
2.365439788e-11
2.365446727e-11
2.365611873e-11
2.365463381e-11
2.365448115e-11
2.365398155e-11
2.365460605e-11
2.365400931e-11
2.365449503e-11
2.365353746e-11
2.36539538e-11
2.365380114e-11
2.365353746e-11
2.365296847e-11
2.365301011e-11
2.365296847e-11
2.365199703e-11
2.365217744e-11
2.365210805e-11
2.365334317e-11
2.365174723e-11
2.365173335e-11
2.365030394e-11
2.365052598e-11
2.364941576e-11
2.365031782e-11
2.364931861e-11
2.364897167e-11
2.364819451e-11
2.36492631e-11
2.364880514e-11
2.364897167e-11
2.364995699e-11
2.364897167e-11
2.365008189e-11
2.364990148e-11
2.36507619e-11
2.36503872e-11
2.364954066e-11
2.364958229e-11
2.364856921e-11
2.365017904e-11
2.365191376e-11
2.365289908e-11
2.365330154e-11
2.365327378e-11
2.365393992e-11
2.365371787e-11
2.365291296e-11
2.365349583e-11
2.365355134e-11
2.365285745e-11
2.365137253e-11
2.365084517e-11
2.36510117e-11
2.365080354e-11
2.365020679e-11
2.364985985e-11
2.364927698e-11
2.364944351e-11
2.36501374e-11
2.365067864e-11
2.364984597e-11
2.365183049e-11
2.365065088e-11
2.364981821e-11
2.364795859e-11
2.364798635e-11
2.364743124e-11
2.364677898e-11
2.364633489e-11
2.364533569e-11
2.36448916e-11
2.364521079e-11
2.364460017e-11
2.364412832e-11
2.364375362e-11
2.364521079e-11
2.36438924e-11
2.36437675e-11
2.364368423e-11
2.364343443e-11
2.364243523e-11
2.36415193e-11
2.364000662e-11
2.364011764e-11
2.363885476e-11
2.363770291e-11
2.363741147e-11
2.363757801e-11
2.363648166e-11
2.363584328e-11
2.363537144e-11
2.363551022e-11
2.363576002e-11
2.363546858e-11
2.363524654e-11
2.363552409e-11
2.363555185e-11
2.363576002e-11
2.363548246e-11
2.36360792e-11
2.363803597e-11
2.363806373e-11
2.363755025e-11
2.363591267e-11
2.363739759e-11
2.363717555e-11
2.363706453e-11
2.363687024e-11
2.363784168e-11
2.363821638e-11
2.363727269e-11
2.363698126e-11
2.363648166e-11
2.363739759e-11
2.363714779e-11
2.363909068e-11
2.363842455e-11
2.363687024e-11
2.363569063e-11
2.363664819e-11
2.363609308e-11
2.363541307e-11
2.363484408e-11
2.363488572e-11
2.363341467e-11
2.363301221e-11
2.363212404e-11
2.363362284e-11
2.363252649e-11
2.363391427e-11
2.36322073e-11
2.363154117e-11
2.363235996e-11
2.363084728e-11
2.363159668e-11
2.363251261e-11
2.363181872e-11
2.363256812e-11
2.363240159e-11
2.363025053e-11
2.363084728e-11
2.362936236e-11
2.363001461e-11
2.362884888e-11
2.362827989e-11
2.362685048e-11
2.362707252e-11
2.362704477e-11
2.362778029e-11
2.362816887e-11
2.362750273e-11
2.362736395e-11
2.36272113e-11
2.362712803e-11
2.362554596e-11
2.362617046e-11
2.362572638e-11
2.362593454e-11
2.362528229e-11
2.362451901e-11
2.362457452e-11
2.362579576e-11
2.362479656e-11
2.362580964e-11
2.362655904e-11
2.36253378e-11
2.362487983e-11
2.36259623e-11
2.36239639e-11
2.362367246e-11
2.362381124e-11
2.362325613e-11
2.362268714e-11
2.362353368e-11
2.362272877e-11
2.362252061e-11
2.362127161e-11
2.362225693e-11
2.362102181e-11
2.362038343e-11
2.36206471e-11
2.362030016e-11
2.361975893e-11
2.361842666e-11
2.361882911e-11
2.361899565e-11
2.361778828e-11
2.361807971e-11
2.361850993e-11
2.361813523e-11
2.361881524e-11
2.36193981e-11
2.361838503e-11
2.36191483e-11
2.362073037e-11
2.362131324e-11
2.362340878e-11
2.362356144e-11
2.362229856e-11
2.362311735e-11
2.362329776e-11
2.362510187e-11
2.362442186e-11
2.362428309e-11
2.362467166e-11
2.362592066e-11
2.362547658e-11
2.362622598e-11
2.362668394e-11
2.362787743e-11
2.362726681e-11
2.362551821e-11
2.362503249e-11
2.362463003e-11
2.362350593e-11
2.362297857e-11
2.362399165e-11
2.362356144e-11
2.362350593e-11
2.362375573e-11
2.362185447e-11
2.362228468e-11
2.362204876e-11
2.362195162e-11
2.362184059e-11
2.362257612e-11
2.362163243e-11
2.362147977e-11
2.362152141e-11
2.362207652e-11
2.362141038e-11
2.362048057e-11
2.361943974e-11
2.362032792e-11
2.361925933e-11
2.361895401e-11
2.361963403e-11
2.361875973e-11
2.361753848e-11
2.361788543e-11
2.361694174e-11
2.361653928e-11
2.361762175e-11
2.361648377e-11
2.361659479e-11
2.361745521e-11
2.361785767e-11
2.361812135e-11
2.36190234e-11
2.361888463e-11
2.362007812e-11
2.361891238e-11
2.361986995e-11
2.361924545e-11
2.361862095e-11
2.361778828e-11
2.361751072e-11
2.361821849e-11
2.361795481e-11
2.361669194e-11
2.361728868e-11
2.361774665e-11
2.361806584e-11
2.361791318e-11
2.361701112e-11
2.361791318e-11
2.3618274e-11
2.361730256e-11
2.361776053e-11
2.361741358e-11
2.361628948e-11
2.36176495e-11
2.361648377e-11
2.361622009e-11
2.361719154e-11
2.361578988e-11
2.361674745e-11
2.361705276e-11
2.361674745e-11
2.36167752e-11
2.361599805e-11
2.361508211e-11
2.361688622e-11
2.361560947e-11
2.361676132e-11
2.361617846e-11
2.361691398e-11
2.36165254e-11
2.361641438e-11
2.361535967e-11
2.361548457e-11
2.361549845e-11
2.361555396e-11
2.361601192e-11
2.361531803e-11
2.36156511e-11
2.361497109e-11
2.361447149e-11
2.36144021e-11
2.36150266e-11
2.361325024e-11
2.361445761e-11
2.36134029e-11
2.361412454e-11
2.361305595e-11
2.361200124e-11
2.361194573e-11
2.361261187e-11
2.361258411e-11
2.361280615e-11
2.361361107e-11
2.361442986e-11
2.361413842e-11
2.36162756e-11
2.361483231e-11
2.361495721e-11
2.36152764e-11
2.361474905e-11
2.361445761e-11
2.361501272e-11
2.361322249e-11
2.361441598e-11
2.361441598e-11
2.361381923e-11
2.36146519e-11
2.361337514e-11
2.361404128e-11
2.361512375e-11
2.361331963e-11
2.361336127e-11
2.361474905e-11
2.361325024e-11
2.36134029e-11
2.36129033e-11
2.36127784e-11
2.361176532e-11
2.361166818e-11
2.361155715e-11
2.361182083e-11
2.361148776e-11
2.360989182e-11
2.361025264e-11
2.361014162e-11
2.361107143e-11
2.361019713e-11
2.361005835e-11
2.360871221e-11
2.36086567e-11
2.360794893e-11
2.360819873e-11
2.360617257e-11
2.360758811e-11
2.360757423e-11
2.360935059e-11
2.360982243e-11
2.360939222e-11
2.36096559e-11
2.361009999e-11
2.36097808e-11
2.361080775e-11
2.361068285e-11
2.361030815e-11
2.360904527e-11
2.360900364e-11
2.360904527e-11
2.360917017e-11
2.360925344e-11
2.360994733e-11
2.360921181e-11
2.360907303e-11
2.36090314e-11
2.360782403e-11
2.360545093e-11
2.360672768e-11
2.360615869e-11
2.360477092e-11
2.360478479e-11
2.360578399e-11
2.36050901e-11
2.360588114e-11
2.360506235e-11
2.360561746e-11
2.36048403e-11
2.360442397e-11
2.360293905e-11
2.360177331e-11
2.360175944e-11
2.360264761e-11
2.360213414e-11
2.360138474e-11
2.360182882e-11
2.360185658e-11
2.36010933e-11
2.36017178e-11
2.360199536e-11
2.360155127e-11
2.360200924e-11
2.360303619e-11
2.360317497e-11
2.360268925e-11
2.360185658e-11
2.360189821e-11
2.360038553e-11
2.35988451e-11
2.359770712e-11
2.359702711e-11
2.359738793e-11
2.359799856e-11
2.359654139e-11
2.359754059e-11
2.359626383e-11
2.359687445e-11
2.359555606e-11
2.359429319e-11
2.359619444e-11
2.359590301e-11
2.35967218e-11
2.359565321e-11
2.359466789e-11
2.359515361e-11
2.359526463e-11
2.359536178e-11
2.359580586e-11
2.359633322e-11
2.359652751e-11
2.35960973e-11
2.359590301e-11
2.359541729e-11
2.359781814e-11
2.35969716e-11
2.359769324e-11
2.359801243e-11
2.359777651e-11
2.359790141e-11
2.359740181e-11
2.359766549e-11
2.359704099e-11
2.359720752e-11
2.359645812e-11
2.359562545e-11
2.359588913e-11
2.359677731e-11
2.359579199e-11
2.359790141e-11
2.359590301e-11
2.359608342e-11
2.35958475e-11
2.359527851e-11
2.359548668e-11
2.359602791e-11
2.359551443e-11
2.359602791e-11
2.359561158e-11
2.359601403e-11
2.359507034e-11
2.359538953e-11
2.359415441e-11
2.359526463e-11
2.359520912e-11
2.359624995e-11
2.359587525e-11
2.359598628e-11
2.359457074e-11
2.359516749e-11
2.359488993e-11
2.359439033e-11
2.359529239e-11
2.359445972e-11
2.3595223e-11
2.359464013e-11
2.359405726e-11
2.359401563e-11
2.359412665e-11
2.359279438e-11
2.359287765e-11
2.359226703e-11
2.359133722e-11
2.359049067e-11
2.359099027e-11
2.359133722e-11
2.359276663e-11
2.359340501e-11
2.359275275e-11
2.359364093e-11
2.359415441e-11
2.359377971e-11
2.359308582e-11
2.359387685e-11
2.359525075e-11
2.35945985e-11
