0.6518635808
0.006314954175
0.004853461554
0.00464049924
0.005127779416
0.005145577459
0.004927888157
0.004615438783
0.004305849253
0.004065918824
0.003809630972
0.003555475643
0.00331254509
0.003084891201
0.00287386712
0.002679407069
0.00250073241
0.002336741419
0.002186222372
0.002047967181
0.001920828964
0.001803748196
0.001695761474
0.001596000965
0.001503689121
0.001418131263
0.001338707477
0.001264864612
0.001196108755
0.001131998373
0.001072138168
0.00101617363
0.0009637862438
0.0009146892836
0.00086862414
0.0008253571062
0.0007846765708
0.000746390563
0.0007103246044
0.000676319825
0.0006442313103
0.000613926647
0.0005852846422
0.0005581941927
0.0005325532845
0.0005082681074
0.0004852522682
0.0004634260907
0.0004427159926
0.0004230539291
0.0004043768946
0.000386626477
0.0003697484578
0.0003536924518
0.0003384115834
0.0003238621945
0.0003100035803
0.0002967977511
0.0002842092155
0.0002722047844
0.0002607533929
0.0002498259378
0.0002393951301
0.0002294353602
0.0002199225748
0.0002108341642
0.0002021488596
0.0001938466385
0.000185908638
0.0001783170752
0.0001710551739
0.0001641070975
0.0001574578865
0.0001510934014
0.0001450002698
0.0001391658372
0.0001335781221
0.0001282257739
0.0001230980339
0.0001181846993
0.0001134760898
0.0001089630166
0.0001046367531
0.000100489008
9.651190041e-05
9.269793623e-05
8.903998632e-05
8.553126609e-05
8.216531638e-05
7.893598561e-05
7.583741306e-05
7.286401323e-05
7.001046113e-05
6.727167851e-05
6.464282094e-05
6.211926567e-05
5.96966002e-05
5.737061155e-05
5.513727618e-05
5.299275043e-05
5.093336158e-05
4.895559941e-05
4.705610821e-05
4.523167925e-05
4.347924369e-05
4.179586585e-05
4.017873686e-05
3.862516868e-05
3.713258838e-05
3.569853281e-05
3.432064343e-05
3.299666155e-05
3.172442374e-05
3.050185743e-05
2.932697686e-05
2.819787914e-05
2.71127405e-05
2.606981282e-05
2.506742024e-05
2.410395595e-05
2.317787921e-05
2.22877124e-05
2.143203832e-05
2.060949755e-05
1.981878595e-05
1.905865229e-05
1.832789602e-05
1.762536503e-05
1.69499537e-05
1.630060082e-05
1.56762878e-05
1.507603687e-05
1.449890932e-05
1.394400393e-05
1.341045537e-05
1.289743274e-05
1.240413813e-05
1.192980527e-05
1.147369822e-05
1.103511012e-05
1.061336204e-05
1.020780179e-05
9.81780287e-06
9.4427634e-06
9.082105149e-06
8.735272561e-06
8.401731852e-06
8.080970124e-06
7.772494535e-06
7.475831493e-06
7.190525883e-06
6.916140334e-06
6.652254508e-06
6.398464425e-06
6.154381812e-06
5.91963348e-06
5.693860728e-06
5.476718767e-06
5.267876173e-06
5.067014364e-06
4.873827084e-06
4.688019928e-06
4.509309871e-06
4.337424825e-06
4.172103208e-06
4.01309353e-06
3.86015401e-06
3.713052178e-06
3.571564528e-06
3.435476163e-06
3.304580454e-06
3.17867873e-06
3.057579953e-06
2.94110044e-06
2.82906356e-06
2.721299471e-06
2.617644854e-06
2.517942658e-06
2.42204186e-06
2.329797233e-06
2.241069118e-06
2.155723211e-06
2.073630356e-06
1.994666347e-06
1.918711734e-06
1.845651645e-06
1.775375606e-06
1.707777369e-06
1.642754756e-06
1.580209496e-06
1.52004708e-06
1.46217661e-06
1.406510667e-06
1.352965175e-06
1.301459268e-06
1.251915175e-06
1.204258094e-06
1.158416081e-06
1.11431994e-06
1.07190312e-06
1.031101611e-06
9.918538453e-07
9.541006067e-07
9.177849395e-07
8.828520631e-07
8.492492851e-07
8.169259256e-07
7.858332381e-07
7.55924336e-07
7.271541209e-07
6.994792147e-07
6.728578927e-07
6.472500242e-07
6.226170057e-07
5.989217084e-07
5.761284164e-07
5.542027778e-07
5.331117478e-07
5.12823544e-07
4.93307593e-07
4.745344882e-07
4.564759426e-07
4.391047478e-07
4.223947331e-07
4.063207233e-07
3.90858502e-07
3.759847771e-07
3.616771441e-07
3.479140501e-07
3.34674765e-07
3.219393469e-07
3.096886154e-07
2.979041192e-07
2.865681088e-07
2.756635132e-07
2.651739099e-07
2.550835019e-07
2.453770955e-07
2.360400716e-07
2.270583726e-07
2.184184734e-07
2.101073634e-07
2.021125294e-07
1.944219334e-07
1.870239963e-07
1.799075786e-07
1.730619659e-07
1.664768535e-07
1.601423248e-07
1.540488438e-07
1.48187237e-07
1.425486791e-07
1.371246829e-07
1.319070816e-07
1.26888021e-07
1.220599454e-07
1.174155871e-07
1.129479536e-07
1.086503206e-07
1.045162173e-07
1.005394233e-07
9.671395033e-08
9.303403999e-08
8.949415368e-08
8.608896213e-08
8.281334135e-08
7.966235924e-08
7.663127344e-08
7.371552119e-08
7.091071411e-08
6.821263031e-08
6.561720974e-08
6.312054374e-08
6.071887704e-08
5.840859262e-08
5.618621349e-08
5.404839663e-08
5.199192135e-08
5.0013695e-08
4.811073874e-08
4.628018875e-08
4.451928977e-08
4.282539326e-08
4.119594717e-08
3.962850084e-08
3.812069378e-08
3.66702579e-08
3.527500958e-08
3.393284899e-08
3.264175759e-08
3.139978971e-08
3.020507805e-08
2.905582319e-08
2.795029617e-08
2.688683332e-08
2.586383352e-08
2.487975817e-08
2.39331255e-08
2.302251062e-08
2.214654435e-08
2.130390625e-08
2.049333092e-08
1.971359535e-08
1.896352771e-08
1.824199931e-08
1.754792314e-08
1.688025671e-08
1.623799388e-08
1.562016733e-08
1.502584895e-08
1.445414313e-08
1.390418977e-08
1.337516096e-08
1.286626178e-08
1.237672448e-08
1.190581307e-08
1.145281901e-08
1.101706149e-08
1.059788271e-08
1.019465297e-08
9.80676626e-09
9.433637829e-09
9.074706209e-09
8.729431428e-09
8.397293291e-09
8.077792282e-09
7.770448396e-09
7.474798031e-09
7.190396736e-09
6.916816606e-09
6.653644954e-09
6.400487182e-09
6.156961024e-09
5.922701038e-09
5.6973537e-09
5.480581169e-09
5.272055875e-09
5.07146565e-09
4.878506293e-09
4.692888661e-09
4.514333699e-09
4.342571761e-09
4.177345692e-09
4.018406025e-09
3.86551359e-09
3.718438571e-09
3.576959631e-09
3.440863913e-09
3.309945873e-09
3.184009931e-09
3.062864046e-09
2.946328653e-09
2.834226423e-09
2.726389947e-09
2.622656453e-09
2.522869122e-09
2.426879156e-09
2.334541699e-09
2.245716793e-09
2.160272239e-09
2.078078473e-09
1.999011706e-09
1.92295331e-09
1.84978885e-09
1.779407843e-09
1.711705278e-09
1.646578138e-09
1.583929099e-09
1.523663348e-09
1.465691679e-09
1.409925302e-09
1.356280227e-09
1.304676353e-09
1.255036186e-09
1.207284481e-09
1.161350224e-09
1.117163417e-09
1.074657252e-09
1.033769306e-09
9.94435978e-10
9.566003961e-10
9.202037743e-10
8.8519167e-10
8.515123467e-10
8.191130274e-10
7.879476793e-10
7.579683686e-10
7.291290349e-10
7.013873232e-10
6.747009479e-10
6.490301491e-10
6.243353473e-10
6.005814457e-10
5.777299611e-10
5.557492105e-10
5.346032644e-10
5.142635762e-10
4.946969778e-10
4.758747979e-10
4.577686563e-10
4.403512277e-10
4.235969631e-10
4.074797028e-10
3.919760072e-10
3.770617152e-10
3.627155104e-10
3.489150219e-10
3.356401546e-10
3.228688428e-10
3.105850438e-10
2.987677605e-10
2.874004784e-10
2.764653922e-10
2.659462373e-10
2.558275397e-10
2.460936316e-10
2.367307739e-10
2.27723132e-10
2.190589932e-10
2.107243685e-10
2.027061713e-10
1.949934658e-10
1.875748307e-10
1.804377897e-10
1.735724897e-10
1.669680089e-10
1.606156319e-10
1.545045203e-10
1.486254869e-10
1.429709684e-10
1.375310005e-10
1.32298339e-10
1.272648376e-10
1.224228219e-10
1.177649367e-10
1.132840211e-10
1.089735524e-10
1.048274523e-10
1.00839101e-10
9.700261427e-11
9.331166395e-11
8.976119847e-11
8.634598592e-11
8.306046129e-11
7.990090534e-11
7.685933834e-11
7.393576029e-11
7.112263556e-11
6.841685551e-11
6.581347967e-11
6.331017655e-11
6.090064564e-11
5.858415142e-11
5.635442113e-11
5.421044169e-11
5.214788323e-11
5.016337346e-11
4.825534416e-11
4.641904916e-11
4.465265657e-11
4.295452882e-11
4.131937847e-11
3.974756635e-11
3.823530381e-11
3.678012062e-11
3.538079552e-11
3.403506643e-11
3.27396027e-11
3.149440431e-11
3.02962655e-11
2.914325725e-11
2.803487997e-11
2.696791401e-11
2.594141568e-11
2.495501028e-11
2.400526999e-11
2.309184788e-11
2.221364759e-11
2.136835153e-11
2.055547399e-11
1.977287778e-11
1.902017432e-11
1.829722485e-11
1.760117052e-11
1.693105378e-11
1.628677748e-11
1.56673563e-11
1.50711249e-11
1.449798614e-11
1.394619142e-11
1.341572686e-11
1.290526019e-11
1.241412528e-11
1.194117027e-11
1.148695028e-11
1.105011915e-11
1.063031607e-11
1.022543161e-11
9.836756409e-12
9.46223655e-12
9.101844278e-12
8.75573225e-12
8.422929021e-12
8.102019056e-12
7.793710122e-12
7.497710786e-12
7.212563879e-12
6.937908581e-12
6.673703257e-12
6.419809129e-12
6.175740475e-12
5.940553605e-12
5.714900775e-12
5.49706114e-12
5.288200433e-12
5.08672271e-12
4.893696559e-12
4.70674888e-12
4.527933584e-12
4.355779626e-12
4.189912306e-12
4.030401013e-12
3.877301258e-12
3.729475062e-12
3.587324882e-12
3.451322561e-12
3.320066444e-12
3.194236542e-12
3.072833654e-12
2.955566347e-12
2.843489333e-12
2.735298099e-12
2.63096489e-12
2.530350929e-12
2.434483171e-12
2.341474237e-12
2.252240061e-12
2.167349633e-12
2.084693529e-12
2.004743593e-12
1.928054938e-12
1.855640641e-12
1.784419834e-12
1.717029297e-12
1.652150639e-12
1.588978948e-12
1.529068538e-12
1.470296107e-12
1.415367823e-12
1.361397106e-12
1.308939068e-12
1.258979032e-12
1.211392098e-12
1.164929264e-12
1.121006066e-12
1.078609424e-12
1.036989938e-12
9.977574322e-13
9.601625051e-13
9.231643228e-13
8.881506641e-13
8.539280394e-13
8.216344272e-13
7.902845045e-13
7.60100316e-13
7.314704398e-13
7.040618089e-13
6.765421556e-13
6.510209039e-13
6.259992524e-13
6.020461907e-13
5.790368185e-13
5.574291029e-13
5.355993427e-13
5.156569616e-13
4.957284583e-13
4.769934447e-13
4.590910985e-13
4.411887522e-13
4.24132951e-13
4.084926841e-13
3.925193504e-13
3.775868507e-13
3.636396739e-13
3.499422974e-13
3.364114542e-13
3.236161339e-13
3.111400027e-13
3.002459392e-13
2.882832861e-13
2.77500245e-13
2.669392485e-13
2.565170298e-13
2.46760945e-13
2.377820163e-13
2.284838985e-13
2.202266147e-13
2.113725861e-13
2.03531636e-13
1.954963968e-13
1.880995359e-13
1.816602424e-13
1.741801148e-13
1.680461326e-13
1.604827382e-13
1.549455009e-13
1.48658863e-13
1.440236819e-13
1.379868442e-13
1.331712518e-13
1.278976924e-13
1.222216772e-13
1.180305853e-13
1.134925487e-13
1.093292123e-13
1.052075094e-13
1.011413175e-13
9.674205881e-14
9.373057885e-14
9.008072066e-14
8.683331831e-14
8.32112157e-14
8.03662692e-14
7.68274333e-14
7.412126468e-14
7.090161791e-14
6.872280522e-14
6.59056143e-14
6.372680161e-14
6.097899963e-14
5.832834216e-14
5.619116283e-14
5.412337245e-14
5.175027074e-14
5.007105841e-14
4.818367927e-14
4.65599781e-14
4.500566586e-14
4.335420911e-14
4.182765245e-14
4.023170685e-14
3.867739462e-14
3.738676035e-14
3.563815909e-14
3.375077995e-14
3.293199047e-14
3.173850072e-14
3.051725539e-14
2.961519918e-14
2.779720898e-14
2.756128659e-14
2.632616347e-14
2.514655151e-14
2.42444953e-14
2.314815006e-14
2.220446049e-14
2.141342659e-14
2.049749259e-14
1.916522496e-14
1.909583602e-14
1.813826866e-14
1.734723476e-14
1.737499034e-14
1.607047828e-14
1.572353359e-14
1.465494393e-14
1.35447209e-14
1.416922135e-14
1.310063169e-14
1.307287611e-14
1.271205363e-14
1.154631946e-14
1.168509733e-14
1.118549697e-14
1.072752998e-14
1.068589661e-14
1.004751837e-14
9.5617958e-15
9.311995619e-15
8.701372955e-15
9.103828802e-15
8.382183836e-15
8.437694987e-15
7.674416658e-15
7.160938509e-15
6.89726054e-15
6.314393453e-15
6.356026816e-15
6.245004514e-15
5.856426455e-15
5.884182031e-15
5.051514762e-15
5.606626274e-15
5.19029264e-15
4.690692279e-15
4.218847494e-15
4.093947403e-15
3.955169525e-15
3.677613769e-15
3.788636072e-15
3.691491557e-15
3.941291737e-15
3.400058013e-15
3.497202528e-15
3.552713679e-15
3.649858193e-15
3.760880496e-15
3.205768984e-15
2.928213227e-15
2.47024623e-15
2.484124018e-15
2.706168623e-15
2.525757381e-15
2.817190925e-15
2.484124018e-15
2.248201625e-15
1.915134717e-15
2.303712776e-15
2.137179322e-15
2.400857291e-15
2.234323837e-15
1.956768081e-15
1.859623566e-15
1.540434447e-15
1.373900993e-15
1.595945598e-15
1.221245327e-15
7.771561172e-16
9.853229344e-16
9.575673587e-16
8.187894807e-16
9.436895709e-16
4.857225733e-16
9.992007222e-16
7.355227538e-16
4.857225733e-16
1.748601264e-15
9.298117831e-16
5.689893001e-16
1.512678871e-15
1.179611964e-15
1.207367539e-15
8.881784197e-16
1.082467449e-15
1.165734176e-15
8.326672685e-16
9.992007222e-16
4.163336342e-16
9.436895709e-16
3.191891196e-16
2.081668171e-16
4.024558464e-16
9.020562075e-16
3.053113318e-16
3.053113318e-16
1.804112415e-16
5.967448757e-16
3.885780586e-16
4.718447855e-16
3.053113318e-16
3.191891196e-16
4.30211422e-16
4.024558464e-16
3.053113318e-16
2.359223927e-16
2.636779683e-16
5.412337245e-16
6.938893904e-16
5.551115123e-16
9.575673587e-16
5.134781489e-16
5.828670879e-16
5.689893001e-16
7.355227538e-16
5.828670879e-16
2.498001805e-16
2.220446049e-16
7.21644966e-16
7.355227538e-16
6.106226635e-16
5.551115123e-16
1.665334537e-16
2.91433544e-16
5.273559367e-16
4.996003611e-16
4.440892099e-16
5.273559367e-16
8.049116929e-16
1.942890293e-16
2.359223927e-16
3.885780586e-16
5.273559367e-16
2.775557562e-16
4.163336342e-16
6.800116026e-16
3.60822483e-16
4.30211422e-16
6.245004514e-16
2.636779683e-16
2.359223927e-16
3.191891196e-16
6.800116026e-16
3.469446952e-16
9.714451465e-17
3.469446952e-16
5.689893001e-16
5.412337245e-16
1.804112415e-16
3.469446952e-16
8.049116929e-16
4.024558464e-16
1.387778781e-16
9.020562075e-16
2.775557562e-16
2.775557562e-16
6.661338148e-16
1.942890293e-16
3.885780586e-16
5.134781489e-16
2.91433544e-16
5.689893001e-16
4.857225733e-16
3.885780586e-16
3.053113318e-16
2.359223927e-16
1.110223025e-16
4.440892099e-16
1.665334537e-16
2.91433544e-16
3.885780586e-16
1.665334537e-16
4.579669977e-16
4.30211422e-16
5.134781489e-16
2.359223927e-16
2.636779683e-16
6.245004514e-16
3.747002708e-16
1.110223025e-16
4.718447855e-16
2.91433544e-16
4.440892099e-16
4.024558464e-16
4.024558464e-16
5.273559367e-16
4.024558464e-16
3.747002708e-16
2.359223927e-16
3.330669074e-16
7.077671782e-16
4.30211422e-16
5.689893001e-16
4.163336342e-16
4.857225733e-16
8.881784197e-16
1.665334537e-16
1.804112415e-16
4.579669977e-16
7.91033905e-16
3.330669074e-16
1.804112415e-16
3.469446952e-16
7.21644966e-16
5.551115123e-16
4.718447855e-16
3.60822483e-16
4.163336342e-16
9.992007222e-16
2.081668171e-16
1.068589661e-15
9.436895709e-16
3.60822483e-16
2.359223927e-16
5.828670879e-16
4.718447855e-16
2.636779683e-16
3.747002708e-16
2.91433544e-16
5.551115123e-16
2.91433544e-16
5.967448757e-16
4.996003611e-16
7.771561172e-16
2.081668171e-16
6.938893904e-17
5.551115123e-16
3.747002708e-16
5.967448757e-16
6.245004514e-16
3.60822483e-16
3.053113318e-16
5.689893001e-16
2.081668171e-16
2.775557562e-16
5.689893001e-16
1.942890293e-16
7.21644966e-16
3.469446952e-16
4.857225733e-16
3.330669074e-16
5.967448757e-16
4.857225733e-16
3.330669074e-16
1.942890293e-16
4.718447855e-16
3.053113318e-16
4.163336342e-16
9.020562075e-16
7.632783294e-16
3.469446952e-16
9.020562075e-16
3.469446952e-16
5.689893001e-16
5.689893001e-16
6.800116026e-16
5.551115123e-16
7.91033905e-16
4.30211422e-16
4.024558464e-16
2.081668171e-16
6.661338148e-16
5.412337245e-16
3.747002708e-16
2.636779683e-16
8.326672685e-16
7.632783294e-16
7.355227538e-16
6.938893904e-16
3.747002708e-16
4.579669977e-16
3.053113318e-16
3.191891196e-16
2.359223927e-16
3.60822483e-16
2.220446049e-16
3.469446952e-16
1.942890293e-16
2.91433544e-16
5.412337245e-16
4.024558464e-16
2.359223927e-16
1.526556659e-16
7.632783294e-16
3.469446952e-16
6.245004514e-16
2.359223927e-16
1.387778781e-16
4.024558464e-16
5.967448757e-16
1.804112415e-16
3.191891196e-16
2.636779683e-16
7.21644966e-16
3.469446952e-16
4.163336342e-16
3.60822483e-16
3.885780586e-16
9.853229344e-16
5.134781489e-16
5.967448757e-16
6.52256027e-16
4.30211422e-16
1.942890293e-16
2.775557562e-16
5.273559367e-16
4.440892099e-16
2.081668171e-16
1.942890293e-16
4.024558464e-16
5.551115123e-16
1.942890293e-16
5.828670879e-16
6.245004514e-16
1.221245327e-15
2.91433544e-16
2.636779683e-16
5.689893001e-16
6.800116026e-16
2.775557562e-16
3.330669074e-16
5.134781489e-16
6.106226635e-16
2.91433544e-16
3.053113318e-16
2.081668171e-16
3.053113318e-16
8.187894807e-16
4.579669977e-16
2.636779683e-16
1.942890293e-16
6.661338148e-16
3.747002708e-16
4.857225733e-16
1.942890293e-16
4.857225733e-16
2.636779683e-16
2.775557562e-16
3.747002708e-16
1.387778781e-16
2.636779683e-16
2.498001805e-16
1.387778781e-16
4.996003611e-16
9.436895709e-16
3.60822483e-16
4.718447855e-16
3.60822483e-16
2.91433544e-16
4.30211422e-16
4.024558464e-16
1.040834086e-15
4.024558464e-16
2.636779683e-16
5.134781489e-16
4.163336342e-16
3.469446952e-16
3.885780586e-16
5.273559367e-16
4.024558464e-16
5.689893001e-16
3.191891196e-16
9.853229344e-16
5.412337245e-16
8.049116929e-16
1.01307851e-15
5.134781489e-16
3.053113318e-16
4.579669977e-16
2.498001805e-16
7.91033905e-16
3.747002708e-16
1.804112415e-16
4.30211422e-16
6.245004514e-16
1.179611964e-15
2.636779683e-16
1.096345237e-15
2.498001805e-16
3.469446952e-16
4.163336342e-16
4.440892099e-16
5.412337245e-16
4.996003611e-16
3.885780586e-16
4.857225733e-16
1.235123115e-15
5.412337245e-16
2.498001805e-16
4.996003611e-16
9.020562075e-16
2.636779683e-16
1.942890293e-16
4.163336342e-16
5.828670879e-16
4.718447855e-16
5.551115123e-16
3.053113318e-16
6.106226635e-16
5.967448757e-16
7.632783294e-16
2.775557562e-16
3.885780586e-16
4.30211422e-16
5.134781489e-16
3.60822483e-16
1.942890293e-16
4.024558464e-16
2.359223927e-16
8.187894807e-16
8.743006319e-16
5.551115123e-16
2.359223927e-16
2.081668171e-16
2.91433544e-16
7.077671782e-16
3.191891196e-16
1.262878691e-15
1.207367539e-15
2.636779683e-16
4.996003611e-16
3.191891196e-16
4.857225733e-16
6.661338148e-16
4.024558464e-16
7.355227538e-16
1.942890293e-16
6.52256027e-16
3.330669074e-16
2.498001805e-16
6.661338148e-16
5.273559367e-16
4.996003611e-16
3.60822483e-16
2.636779683e-16
1.110223025e-16
2.775557562e-16
2.081668171e-16
5.134781489e-16
3.60822483e-16
4.30211422e-16
3.469446952e-16
6.938893904e-16
4.440892099e-16
2.636779683e-16
3.469446952e-16
4.024558464e-16
3.330669074e-16
5.551115123e-16
9.714451465e-17
3.885780586e-16
3.330669074e-16
1.249000903e-16
9.714451465e-16
8.743006319e-16
7.077671782e-16
2.081668171e-16
1.665334537e-16
5.828670879e-16
4.30211422e-16
1.804112415e-16
6.938893904e-16
2.220446049e-16
2.359223927e-16
2.081668171e-16
2.359223927e-16
6.52256027e-16
3.60822483e-16
1.665334537e-16
3.053113318e-16
5.412337245e-16
3.469446952e-16
4.718447855e-16
3.053113318e-16
3.191891196e-16
4.440892099e-16
4.718447855e-16
3.885780586e-16
3.191891196e-16
5.967448757e-16
4.440892099e-16
6.938893904e-17
4.718447855e-16
4.857225733e-16
3.60822483e-16
3.885780586e-16
2.359223927e-16
3.330669074e-16
4.024558464e-16
8.187894807e-16
9.020562075e-16
9.159339953e-16
1.554312234e-15
8.743006319e-16
3.60822483e-16
8.187894807e-16
4.579669977e-16
6.106226635e-16
4.857225733e-16
1.526556659e-16
1.804112415e-16
2.498001805e-16
1.387778781e-16
2.775557562e-16
9.853229344e-16
5.689893001e-16
5.828670879e-16
4.163336342e-16
3.330669074e-16
5.967448757e-16
7.21644966e-16
3.469446952e-16
7.91033905e-16
7.91033905e-16
1.110223025e-16
9.714451465e-17
1.387778781e-16
1.804112415e-16
3.469446952e-16
7.632783294e-16
3.885780586e-16
1.249000903e-16
1.665334537e-16
4.024558464e-16
3.469446952e-16
4.718447855e-16
3.60822483e-16
3.60822483e-16
2.220446049e-16
4.30211422e-16
4.024558464e-16
2.359223927e-16
1.804112415e-16
3.885780586e-16
4.857225733e-16
5.134781489e-16
5.689893001e-16
5.134781489e-16
6.106226635e-16
2.498001805e-16
5.134781489e-16
1.665334537e-16
1.526556659e-16
6.245004514e-16
2.359223927e-16
6.800116026e-16
1.526556659e-16
1.068589661e-15
7.91033905e-16
6.52256027e-16
4.579669977e-16
3.330669074e-16
2.636779683e-16
3.330669074e-16
5.967448757e-16
1.526556659e-16
4.440892099e-16
1.526556659e-16
3.885780586e-16
5.273559367e-16
4.857225733e-16
6.800116026e-16
4.024558464e-16
6.52256027e-16
2.498001805e-16
4.718447855e-16
6.938893904e-16
2.220446049e-16
5.551115123e-16
7.355227538e-16
5.551115123e-16
6.52256027e-16
5.689893001e-16
1.942890293e-16
1.110223025e-15
1.054711873e-15
7.91033905e-16
4.996003611e-16
3.747002708e-16
4.30211422e-16
5.551115123e-16
6.938893904e-16
3.885780586e-16
4.024558464e-16
1.110223025e-15
5.412337245e-16
3.747002708e-16
4.857225733e-16
4.857225733e-16
2.775557562e-16
3.747002708e-16
6.106226635e-16
7.91033905e-16
7.91033905e-16
4.440892099e-16
3.053113318e-16
5.689893001e-16
1.804112415e-16
2.775557562e-16
2.498001805e-16
2.636779683e-16
3.330669074e-16
4.996003611e-16
2.91433544e-16
1.665334537e-16
2.91433544e-16
4.579669977e-16
1.1379786e-15
4.996003611e-16
4.163336342e-16
5.967448757e-16
3.330669074e-16
5.828670879e-16
9.714451465e-16
3.747002708e-16
3.330669074e-16
2.359223927e-16
3.469446952e-16
6.245004514e-16
7.632783294e-16
2.636779683e-16
7.355227538e-16
4.024558464e-16
5.134781489e-16
2.498001805e-16
7.771561172e-16
4.30211422e-16
2.91433544e-16
6.106226635e-16
2.91433544e-16
7.771561172e-16
6.383782392e-16
7.771561172e-16
7.494005416e-16
4.30211422e-16
5.412337245e-16
3.469446952e-16
4.996003611e-16
3.330669074e-16
3.60822483e-16
4.440892099e-16
4.30211422e-16
4.440892099e-16
1.249000903e-16
8.743006319e-16
3.330669074e-16
5.134781489e-16
5.412337245e-16
6.106226635e-16
3.885780586e-16
2.91433544e-16
5.273559367e-16
4.857225733e-16
4.996003611e-16
7.91033905e-16
5.689893001e-16
6.245004514e-16
3.191891196e-16
3.053113318e-16
5.412337245e-16
4.718447855e-16
5.134781489e-16
5.273559367e-16
1.068589661e-15
2.91433544e-16
3.60822483e-16
1.1379786e-15
3.053113318e-16
2.91433544e-16
2.636779683e-16
6.938893904e-16
4.579669977e-16
1.942890293e-16
3.053113318e-16
2.636779683e-16
1.429412144e-15
6.52256027e-16
4.163336342e-16
7.494005416e-16
5.967448757e-16
4.996003611e-16
4.579669977e-16
5.273559367e-16
1.193489751e-15
5.412337245e-16
6.52256027e-16
1.942890293e-16
1.526556659e-16
1.942890293e-16
6.938893904e-16
4.857225733e-16
3.053113318e-16
8.326672685e-16
6.383782392e-16
8.326672685e-17
4.718447855e-16
8.743006319e-16
3.191891196e-16
1.665334537e-16
2.775557562e-17
2.636779683e-16
4.024558464e-16
5.134781489e-16
8.326672685e-17
3.053113318e-16
4.440892099e-16
4.996003611e-16
3.191891196e-16
6.938893904e-16
4.163336342e-16
4.024558464e-16
3.885780586e-16
3.053113318e-16
2.775557562e-16
6.383782392e-16
4.579669977e-16
5.689893001e-16
5.551115123e-17
9.992007222e-16
2.359223927e-16
2.636779683e-16
2.775557562e-16
5.689893001e-16
2.636779683e-16
3.469446952e-16
2.498001805e-16
2.081668171e-16
3.747002708e-16
6.383782392e-16
2.91433544e-16
8.187894807e-16
4.024558464e-16
4.163336342e-16
4.996003611e-16
9.159339953e-16
2.081668171e-16
3.469446952e-16
5.828670879e-16
1.665334537e-16
9.714451465e-16
1.387778781e-16
3.60822483e-16
6.106226635e-16
4.440892099e-16
4.30211422e-16
5.273559367e-16
2.498001805e-16
4.857225733e-16
5.412337245e-16
2.91433544e-16
5.551115123e-17
8.049116929e-16
2.220446049e-16
6.800116026e-16
7.494005416e-16
2.498001805e-16
9.159339953e-16
5.412337245e-16
4.163336342e-16
3.330669074e-16
2.498001805e-16
3.747002708e-16
2.91433544e-16
4.718447855e-16
3.469446952e-16
1.526556659e-16
3.747002708e-16
9.436895709e-16
1.110223025e-16
5.689893001e-16
2.359223927e-16
2.91433544e-16
1.484923295e-15
3.053113318e-16
5.551115123e-16
8.187894807e-16
2.91433544e-16
5.689893001e-16
1.304512054e-15
4.857225733e-16
8.326672685e-16
6.106226635e-16
7.21644966e-16
4.024558464e-16
5.134781489e-16
6.661338148e-16
4.857225733e-16
4.024558464e-16
5.967448757e-16
3.053113318e-16
3.747002708e-16
3.330669074e-16
4.996003611e-16
4.30211422e-16
5.412337245e-16
5.967448757e-16
6.661338148e-16
8.881784197e-16
4.30211422e-16
7.771561172e-16
7.494005416e-16
3.330669074e-16
2.775557562e-16
3.053113318e-16
4.857225733e-16
3.330669074e-16
5.551115123e-16
4.996003611e-16
4.718447855e-16
1.665334537e-16
4.30211422e-16
5.273559367e-16
2.91433544e-16
6.383782392e-16
7.771561172e-16
5.134781489e-16
1.249000903e-15
1.01307851e-15
3.469446952e-16
1.01307851e-15
9.020562075e-16
4.996003611e-16
6.383782392e-16
5.551115123e-16
7.632783294e-16
4.440892099e-16
7.91033905e-16
3.191891196e-16
1.942890293e-16
8.187894807e-16
0
