0.5610124539
0.00596254967
0.005738513842
0.004720214949
0.004316757621
0.004056265157
0.003835283288
0.003978902263
0.004003329259
0.003955478102
0.003866134304
0.003754653996
0.003632906617
0.003508024039
0.003384188246
0.003263760962
0.003147989337
0.003037444859
0.002932295744
0.002832475577
0.002737787277
0.002647966727
0.002562721253
0.002481752417
0.002404769109
0.00233149462
0.00226167007
0.00219505563
0.002131430462
0.002070591943
0.002012354514
0.001956548378
0.001903018158
0.001851621598
0.001802228334
0.001754718766
0.001708983025
0.001664920038
0.001622436687
0.001581447057
0.001541871754
0.001503637305
0.001466675614
0.001430923472
0.001396322126
0.001362816885
0.001330356769
0.001298894191
0.001268384672
0.001238786585
0.001210060921
0.001182171076
0.001155082665
0.001128763344
0.001103182654
0.001078311879
0.001054123914
0.001033930677
0.001016173783
0.000998729032
0.0009815891405
0.0009647471868
0.0009481965827
0.0009319310453
0.0009159445725
0.0009002314203
0.0008847860826
0.0008696032728
0.0008546779062
0.0008400050854
0.0008255800859
0.0008113983435
0.0007974554426
0.0007837471058
0.0007702691841
0.0007570176482
0.0007439885806
0.000731178168
0.0007185826953
0.0007061985387
0.000694022161
0.0006820501061
0.0006702789945
0.0006587055192
0.0006473264418
0.0006361385893
0.0006251388507
0.0006143241739
0.0006036915637
0.0005932380788
0.0005829608301
0.0005728569781
0.0005629237318
0.0005531583465
0.0005435581222
0.0005341204029
0.0005248425744
0.0005157220639
0.0005067563384
0.0004979429038
0.0004892793041
0.0004807631207
0.0004723919712
0.0004641635088
0.0004560754218
0.0004481254329
0.0004403112983
0.0004326308076
0.0004250817828
0.0004176620783
0.0004103695799
0.0004032022047
0.0003961579006
0.0003892346457
0.0003824304481
0.0003757433455
0.0003691714046
0.000362712721
0.0003563654187
0.0003501276499
0.0003439975944
0.0003379734594
0.0003320534793
0.0003262359152
0.0003205190547
0.0003149012113
0.0003093807246
0.0003039559594
0.000298625306
0.0002933871794
0.0002882400192
0.0002831822893
0.0002782124775
0.0002733290954
0.0002685306781
0.0002638157834
0.0002591829924
0.0002546309082
0.0002501581567
0.0002457633851
0.0002414452628
0.0002372024803
0.0002330337491
0.0002289378017
0.000224913391
0.0002209592901
0.0002170742922
0.0002132572101
0.000209506876
0.0002058221412
0.0002022018759
0.0001986449691
0.0001951503277
0.0001917168771
0.0001883435602
0.0001850293376
0.0001817731873
0.000178574104
0.0001754310995
0.000172343202
0.000169309456
0.0001663289219
0.0001634006762
0.0001605238107
0.0001576974325
0.000154920664
0.0001521926423
0.000149512519
0.0001468794603
0.0001442926464
0.0001417512716
0.0001392545438
0.0001368016844
0.0001343919282
0.0001320245228
0.000129698729
0.00012741382
0.0001251690816
0.0001229638118
0.0001207973207
0.0001186689302
0.0001165779739
0.0001145237967
0.0001125057551
0.0001105232165
0.0001085755592
0.0001066621722
0.0001047824553
0.0001029358185
0.000101121682
9.933947598e-05
9.758864068e-05
9.586862592e-05
9.417889109e-05
9.251890497e-05
9.088814554e-05
8.928609989e-05
8.771226399e-05
8.61661426e-05
8.464724909e-05
8.31551053e-05
8.168924141e-05
8.024919576e-05
7.883451477e-05
7.744475276e-05
7.607947181e-05
7.473824165e-05
7.342063953e-05
7.212625009e-05
7.085466519e-05
6.960548388e-05
6.837831216e-05
6.717276296e-05
6.598845596e-05
6.482501752e-05
6.368208051e-05
6.255928424e-05
6.145627433e-05
6.037270263e-05
5.930822706e-05
5.826251154e-05
5.723522591e-05
5.622604575e-05
5.523465237e-05
5.426073266e-05
5.330397897e-05
5.236408911e-05
5.144076612e-05
5.053371831e-05
4.964265909e-05
4.87673069e-05
4.790738512e-05
4.706262199e-05
4.623275054e-05
4.541750846e-05
4.461663808e-05
4.382988623e-05
4.305700422e-05
4.22977477e-05
4.155187663e-05
4.081915519e-05
4.009935171e-05
3.939223859e-05
3.869759222e-05
3.801519295e-05
3.734482496e-05
3.668627627e-05
3.603933858e-05
3.540380728e-05
3.477948138e-05
3.416616338e-05
3.35636593e-05
3.297177855e-05
3.23903339e-05
3.181914141e-05
3.125802039e-05
3.070679332e-05
3.016528582e-05
2.963332656e-05
2.911074724e-05
2.859738253e-05
2.809306998e-05
2.759765004e-05
2.711096595e-05
2.663286371e-05
2.616319203e-05
2.570180231e-05
2.524854853e-05
2.480328726e-05
2.436587761e-05
2.393618115e-05
2.351406191e-05
2.309938629e-05
2.269202305e-05
2.229184329e-05
2.189872035e-05
2.151252982e-05
2.113314947e-05
2.076045922e-05
2.039434113e-05
2.003467931e-05
1.968135993e-05
1.933427117e-05
1.899330316e-05
1.865834799e-05
1.832929963e-05
1.800605394e-05
1.768850859e-05
1.737656308e-05
1.707011867e-05
1.676907836e-05
1.647334685e-05
1.618283055e-05
1.589743748e-05
1.56170773e-05
1.534166128e-05
1.507110223e-05
1.480531451e-05
1.454421397e-05
1.428771798e-05
1.403574532e-05
1.378821625e-05
1.354505239e-05
1.330617678e-05
1.30715138e-05
1.284098916e-05
1.261452989e-05
1.239206429e-05
1.217352194e-05
1.195883365e-05
1.174793148e-05
1.154074863e-05
1.133721954e-05
1.113727976e-05
1.094086601e-05
1.07479161e-05
1.055836894e-05
1.037216453e-05
1.018924393e-05
1.000954922e-05
9.833023515e-06
9.659610932e-06
9.48925657e-06
9.321906498e-06
9.157507734e-06
8.996008235e-06
8.837356871e-06
8.681503413e-06
8.528398523e-06
8.377993728e-06
8.230241411e-06
8.085094796e-06
7.942507933e-06
7.802435677e-06
7.664833685e-06
7.529658391e-06
7.396867001e-06
7.266417475e-06
7.138268512e-06
7.01237954e-06
6.888710707e-06
6.767222857e-06
6.647877529e-06
6.530636938e-06
6.415463965e-06
6.302322149e-06
6.19117567e-06
6.081989336e-06
5.974728582e-06
5.869359449e-06
5.765848578e-06
5.664163194e-06
5.564271109e-06
5.466140692e-06
5.369740879e-06
5.275041147e-06
5.182011517e-06
5.090622533e-06
5.000845263e-06
4.912651282e-06
4.826012671e-06
4.740901997e-06
4.657292314e-06
4.575157154e-06
4.494470509e-06
4.415206836e-06
4.337341039e-06
4.260848466e-06
4.1857049e-06
4.111886549e-06
4.039370042e-06
3.968132422e-06
3.898151133e-06
3.829404019e-06
3.761869316e-06
3.695525639e-06
3.630351987e-06
3.566327724e-06
3.50343258e-06
3.441646643e-06
3.380950348e-06
3.321324484e-06
3.262750168e-06
3.205208858e-06
3.148682335e-06
3.093152704e-06
3.038602383e-06
2.9850141e-06
2.932370891e-06
2.880656086e-06
2.829853316e-06
2.779946492e-06
2.730919818e-06
2.682757767e-06
2.635445094e-06
2.58896682e-06
2.543308228e-06
2.498454862e-06
2.454392523e-06
2.411107258e-06
2.368585365e-06
2.32681338e-06
2.28577808e-06
2.24546647e-06
2.205865789e-06
2.166963498e-06
2.128747282e-06
2.09120504e-06
2.054324887e-06
2.018095146e-06
1.982504345e-06
1.947541218e-06
1.913194696e-06
1.879453902e-06
1.846308157e-06
1.813746962e-06
1.781760013e-06
1.750337179e-06
1.719468514e-06
1.689144243e-06
1.659354765e-06
1.630090651e-06
1.601342633e-06
1.57310161e-06
1.545358642e-06
1.518104943e-06
1.491331885e-06
1.465030995e-06
1.439193941e-06
1.413812546e-06
1.388878773e-06
1.364384728e-06
1.340322656e-06
1.316684939e-06
1.293464092e-06
1.270652763e-06
1.248243733e-06
1.226229905e-06
1.204604309e-06
1.183360096e-06
1.162490546e-06
1.141989047e-06
1.121849107e-06
1.102064355e-06
1.082628522e-06
1.063535456e-06
1.044779112e-06
1.026353553e-06
1.008252944e-06
9.904715534e-07
9.730037533e-07
9.558440122e-07
9.38986898e-07
9.224270719e-07
9.061592939e-07
8.901784115e-07
8.744793644e-07
8.590571831e-07
8.439069855e-07
8.290239736e-07
8.144034378e-07
8.000407454e-07
7.859313523e-07
7.720707907e-07
7.584546711e-07
7.45078683e-07
7.319385915e-07
7.190302372e-07
7.063495322e-07
6.938924618e-07
6.816550829e-07
6.6963352e-07
6.578239676e-07
6.462226867e-07
6.348260041e-07
6.236303111e-07
6.126320646e-07
6.018277799e-07
5.912140383e-07
5.807874795e-07
5.705448009e-07
5.60482761e-07
5.50598175e-07
5.408879102e-07
5.313488947e-07
5.219781082e-07
5.12772582e-07
5.037294045e-07
4.948457099e-07
4.861186875e-07
4.775455727e-07
4.691236524e-07
4.608502593e-07
4.527227744e-07
4.447386252e-07
4.368952822e-07
4.291902648e-07
4.21621129e-07
4.141854836e-07
4.068809713e-07
3.997052809e-07
3.92656138e-07
3.85731315e-07
3.789286155e-07
3.722458879e-07
3.65681015e-07
3.592319194e-07
3.528965591e-07
3.466729284e-07
3.405590554e-07
3.345530062e-07
3.286528795e-07
3.22856806e-07
3.171629513e-07
3.115695119e-07
3.060747178e-07
3.006768292e-07
2.953741365e-07
2.901649618e-07
2.850476541e-07
2.80020595e-07
2.750821923e-07
2.702308816e-07
2.654651293e-07
2.607834233e-07
2.561842844e-07
2.516662539e-07
2.472279036e-07
2.428678273e-07
2.38584644e-07
2.343769985e-07
2.302435596e-07
2.261830146e-07
2.221940827e-07
2.182754972e-07
2.144260196e-07
2.106444307e-07
2.069295338e-07
2.032801522e-07
1.996951297e-07
1.961733327e-07
1.927136442e-07
1.893149711e-07
1.85976236e-07
1.826963826e-07
1.794743718e-07
1.763091838e-07
1.731998166e-07
1.70145285e-07
1.671446229e-07
1.641968805e-07
1.61301123e-07
1.584564342e-07
1.556619141e-07
1.529166778e-07
1.50219856e-07
1.475705951e-07
1.449680554e-07
1.424114132e-07
1.398998596e-07
1.374326e-07
1.350088508e-07
1.326278475e-07
1.302888337e-07
1.279910719e-07
1.25733833e-07
1.235164008e-07
1.213380758e-07
1.191981668e-07
1.170959965e-07
1.150308991e-07
1.130022216e-07
1.11009322e-07
1.090515672e-07
1.071283405e-07
1.052390306e-07
1.033830391e-07
1.015597807e-07
9.976867563e-08
9.800915809e-08
9.628067169e-08
9.458266756e-08
9.291460917e-08
9.127596737e-08
8.966622556e-08
8.808487151e-08
8.65314069e-08
8.500533716e-08
8.350618061e-08
8.203346394e-08
8.058671933e-08
7.916548803e-08
7.776932209e-08
7.639777688e-08
7.505042135e-08
7.372682628e-08
7.242657352e-08
7.114925143e-08
6.989445572e-08
6.866178931e-08
6.745086095e-08
6.626128932e-08
6.509269476e-08
6.394470992e-08
6.281696968e-08
6.170911765e-08
6.062080302e-08
5.955168153e-08
5.850141424e-08
5.746966961e-08
5.64561197e-08
5.546044501e-08
5.448232671e-08
5.352146046e-08
5.257753771e-08
5.165026093e-08
5.073933859e-08
4.984447993e-08
4.896540182e-08
4.810182708e-08
4.725348063e-08
4.642009541e-08
4.560140845e-08
4.479715696e-08
4.400708961e-08
4.323095457e-08
4.246850641e-08
4.171950427e-08
4.098371162e-08
4.026089268e-08
3.955082198e-08
3.885327302e-08
3.816802466e-08
3.749486049e-08
3.68335677e-08
3.618393621e-08
3.554576042e-08
3.491883852e-08
3.430297316e-08
3.369796711e-08
3.310362964e-08
3.25197746e-08
3.194621354e-08
3.138276741e-08
3.08292579e-08
3.02855078e-08
2.975134664e-08
2.922660539e-08
2.871111571e-08
2.820471753e-08
2.770724822e-08
2.721855119e-08
2.67384721e-08
2.626685747e-08
2.580355932e-08
2.534843035e-08
2.490132686e-08
2.446210745e-08
2.403063273e-08
2.360676643e-08
2.319037279e-08
2.278132252e-08
2.237948407e-08
2.198473043e-08
2.159693771e-08
2.121598258e-08
2.0841743e-08
2.04741033e-08
2.011294536e-08
1.975815467e-08
1.940961988e-08
1.906723038e-08
1.873087657e-08
1.840045261e-08
1.807585512e-08
1.775697941e-08
1.744372552e-08
1.71359939e-08
1.683368867e-08
1.653671261e-08
1.624497073e-08
1.595837196e-08
1.567682564e-08
1.540024341e-08
1.512853598e-08
1.486161705e-08
1.459940457e-08
1.434181335e-08
1.408876266e-08
1.384017229e-08
1.359596347e-08
1.335605826e-08
1.312038297e-08
1.288885981e-08
1.266141689e-08
1.24379822e-08
1.221848694e-08
1.200285737e-08
1.179102807e-08
1.158293217e-08
1.137850292e-08
1.117767659e-08
1.09803876e-08
1.078657527e-08
1.059617769e-08
1.040913361e-08
1.022538584e-08
1.004487368e-08
9.867542033e-09
9.693333552e-09
9.522193783e-09
9.354068548e-09
9.188904498e-09
9.026648068e-09
8.867250878e-09
8.710658528e-09
8.556825082e-09
8.405699858e-09
8.257234757e-09
8.111383842e-09
7.968100207e-09
7.82733825e-09
7.689054643e-09
7.553205117e-09
7.419745623e-09
7.288634252e-09
7.159830367e-09
7.033292809e-09
6.90898172e-09
6.786856244e-09
6.666879909e-09
6.549012582e-09
6.433218319e-09
6.319460649e-09
6.207703601e-09
6.097909205e-09
5.990046376e-09
5.884077753e-09
5.779972084e-09
5.67769573e-09
5.577215439e-09
5.478501014e-09
5.381519952e-09
5.286241472e-09
5.192636432e-09
5.100672745e-09
5.010324988e-09
4.921561964e-09
4.834355527e-09
4.748679089e-09
4.664506031e-09
4.581807184e-09
4.50055937e-09
4.420734279e-09
4.342308124e-09
4.265256287e-09
4.189552372e-09
4.115175395e-09
4.042099877e-09
3.970302892e-09
3.899760431e-09
3.83045301e-09
3.762357037e-09
3.695451334e-09
3.629712975e-09
3.565123918e-09
3.501662044e-09
3.439308033e-09
3.378041791e-09
3.317842112e-09
3.258692149e-09
3.200574e-09
3.143467597e-09
3.087353567e-09
3.032216478e-09
2.978039565e-09
2.924802345e-09
2.872490107e-09
2.821086781e-09
2.770574103e-09
2.720937892e-09
2.672162103e-09
2.624230194e-09
2.577128677e-09
2.530840676e-09
2.485353062e-09
2.440651153e-09
2.396719961e-09
2.353547301e-09
2.311117353e-09
2.269418431e-09
2.228436408e-09
2.188159348e-09
2.148573514e-09
2.109666747e-09
2.071426253e-09
2.033840207e-09
1.996897758e-09
1.960585611e-09
1.924894161e-09
1.889810169e-09
1.855323201e-09
1.821423318e-09
1.78809953e-09
1.755340373e-09
1.723137355e-09
1.691477597e-09
1.660354215e-09
1.629754526e-09
1.599671479e-09
1.570093444e-09
1.54101315e-09
1.51242055e-09
1.484307594e-09
1.456662096e-09
1.429481283e-09
1.40275247e-09
1.376467634e-09
1.350620477e-09
1.325202142e-09
1.300203334e-09
1.2756185e-09
1.251438203e-09
1.227656976e-09
1.204265965e-09
1.181259229e-09
1.15862922e-09
1.136368499e-09
1.11447071e-09
1.092929858e-09
1.071738254e-09
1.05089179e-09
1.030381225e-09
1.010203116e-09
9.903501075e-10
9.708164828e-10
9.515966071e-10
9.326855399e-10
9.140769253e-10
8.957654063e-10
8.777468197e-10
8.600150592e-10
8.425658227e-10
8.253927541e-10
8.084936609e-10
7.918621314e-10
7.754929754e-10
7.593835838e-10
7.435294325e-10
7.279247205e-10
7.125671997e-10
6.974510969e-10
6.825752186e-10
6.679325981e-10
6.5352182e-10
6.393398588e-10
6.253797757e-10
6.116416817e-10
5.981217188e-10
5.848159179e-10
5.71720532e-10
5.588347562e-10
5.461548991e-10
5.336781017e-10
5.214005616e-10
5.09321002e-10
4.974366752e-10
4.85744972e-10
4.742441162e-10
4.629317207e-10
4.518043994e-10
4.408608201e-10
4.300999001e-10
4.195186976e-10
4.091154082e-10
3.988880615e-10
3.888351585e-10
3.789550895e-10
3.692463002e-10
3.59706126e-10
3.503339285e-10
3.411281257e-10
3.320862474e-10
3.232077384e-10
3.144910998e-10
3.059352771e-10
2.975375779e-10
2.892981965e-10
2.812142463e-10
2.732843396e-10
2.655089482e-10
2.578852409e-10
2.50412524e-10
2.430890489e-10
2.359124562e-10
2.288839673e-10
2.219997797e-10
2.152593381e-10
2.086610051e-10
2.022042811e-10
1.958863627e-10
1.89706334e-10
1.836635011e-10
1.777548664e-10
1.719800136e-10
1.663379157e-10
1.608243261e-10
1.554404105e-10
1.501836433e-10
1.450517761e-10
1.400433658e-10
1.351576628e-10
1.30391975e-10
1.257446369e-10
1.212148437e-10
1.167989594e-10
1.124962623e-10
1.083048096e-10
1.042222142e-10
1.002481709e-10
9.637915466e-11
9.261394429e-11
8.895129078e-11
8.538733609e-11
8.192255208e-11
7.85525256e-11
7.527853341e-11
7.209530195e-11
6.900385818e-11
6.599912283e-11
6.308248368e-11
6.02503325e-11
5.750025456e-11
5.483113963e-11
5.2240684e-11
4.972641743e-11
4.728845093e-11
4.492425876e-11
4.263236986e-11
4.040864865e-11
3.825473271e-11
3.616656974e-11
3.414313277e-11
3.218367239e-11
3.028477469e-11
2.844630087e-11
2.666317167e-11
2.493899531e-11
2.326983051e-11
2.165331803e-11
2.008909705e-11
1.857600185e-11
1.711056297e-11
1.569386288e-11
1.432329255e-11
1.299835239e-11
1.17147958e-11
1.047414933e-11
9.273415369e-12
8.114620087e-12
6.993350343e-12
5.910383294e-12
4.862499292e-12
3.849753849e-12
2.871897165e-12
1.927458193e-12
1.013605866e-12
1.306177388e-13
7.21450677e-13
1.54323776e-12
2.33862929e-12
3.105321555e-12
3.846950536e-12
4.56296112e-12
5.25635091e-12
5.924677415e-12
6.569939037e-12
7.191136575e-12
7.793432566e-12
8.372830207e-12
8.934908369e-12
9.475809026e-12
9.996947714e-12
1.050079468e-11
1.098626745e-11
1.145691875e-11
1.19094179e-11
1.234595759e-11
1.276717621e-11
1.317382314e-11
1.356603718e-11
1.394409588e-11
1.430852659e-11
1.466246569e-11
1.500222169e-11
1.533173588e-11
1.56486768e-11
1.595437671e-11
1.624697599e-11
1.653088777e-11
1.680461326e-11
1.706945696e-11
1.73240311e-11
1.757066714e-11
1.780883774e-11
1.803768246e-11
1.825981033e-11
1.847283437e-11
1.867933586e-11
1.887764944e-11
1.90676086e-11
1.925290483e-11
1.943054051e-11
1.960254181e-11
1.976696584e-11
1.992586651e-11
2.008002098e-11
2.022884638e-11
2.037200963e-11
2.050981607e-11
2.064295956e-11
2.077238381e-11
2.089434181e-11
2.10157447e-11
2.113187403e-11
2.12422302e-11
2.13475071e-11
2.145131295e-11
2.155067791e-11
2.164801671e-11
2.173961011e-11
2.182862224e-11
2.191469228e-11
2.199768145e-11
2.207697913e-11
2.215375106e-11
2.222860784e-11
2.229766372e-11
2.236821839e-11
2.24342489e-11
2.249814224e-11
2.256006493e-11
2.262065535e-11
2.26786645e-11
2.273334299e-11
2.278657818e-11
2.283875866e-11
2.288960688e-11
2.293554235e-11
2.298436441e-11
2.302796842e-11
2.307098956e-11
2.311370539e-11
2.315309056e-11
2.319133774e-11
2.32289743e-11
2.326538961e-11
2.330047266e-11
2.333272464e-11
2.336542071e-11
2.339606286e-11
2.342612215e-11
2.345457162e-11
2.348229944e-11
2.350761252e-11
2.353298112e-11
2.355945994e-11
2.358346851e-11
2.360855955e-11
2.363106932e-11
2.365085905e-11
2.367170349e-11
2.369041074e-11
2.370978414e-11
2.372785302e-11
2.374644925e-11
2.376326913e-11
2.377972819e-11
2.379563213e-11
2.381222997e-11
2.382702369e-11
2.384070719e-11
2.385475151e-11
2.386746356e-11
2.38806197e-11
2.389222153e-11
2.390454501e-11
2.391506437e-11
2.392522291e-11
2.393721332e-11
2.394567877e-11
2.395569854e-11
2.396502441e-11
2.397526622e-11
2.398387045e-11
2.399186405e-11
2.400096788e-11
2.400799004e-11
2.401681631e-11
2.402192334e-11
2.402997246e-11
2.403746646e-11
2.40448772e-11
2.405101118e-11
2.405717292e-11
2.406336241e-11
2.406955191e-11
2.40742426e-11
2.407857247e-11
2.408406807e-11
2.409028532e-11
2.409472621e-11
2.409958344e-11
2.410341371e-11
2.410877054e-11
2.411215672e-11
2.411684741e-11
2.411976174e-11
2.412298139e-11
2.412733902e-11
2.412911537e-11
2.413266809e-11
2.413533262e-11
2.413738653e-11
2.414279887e-11
2.414621281e-11
2.414901612e-11
2.415245781e-11
2.41549003e-11
2.415825873e-11
2.416020162e-11
2.416253309e-11
2.41648368e-11
2.416605804e-11
2.416986056e-11
2.417224754e-11
2.417319123e-11
2.417527289e-11
2.417674394e-11
2.417871459e-11
2.417846479e-11
2.41807685e-11
2.418196199e-11
2.418421019e-11
2.418515388e-11
2.418712453e-11
2.418806822e-11
2.418942824e-11
2.419212053e-11
2.419303646e-11
2.419356382e-11
2.419464629e-11
2.419628387e-11
2.419683898e-11
2.419831002e-11
2.419980882e-11
2.419997536e-11
2.420108558e-11
2.41999476e-11
2.420208478e-11
2.420266765e-11
2.420308398e-11
2.420372236e-11
2.420486034e-11
2.420588729e-11
2.420622036e-11
2.420727507e-11
2.420752487e-11
2.420769141e-11
2.420849632e-11
2.420885714e-11
2.420899592e-11
2.42103837e-11
2.421093881e-11
2.421077228e-11
2.421157719e-11
2.421174372e-11
2.421321477e-11
2.42138809e-11
2.421446377e-11
2.421454703e-11
2.421426948e-11
2.421446377e-11
2.421354783e-11
2.421340906e-11
2.421354783e-11
2.421321477e-11
2.42131315e-11
2.42133813e-11
2.421285394e-11
2.421354783e-11
2.421285394e-11
2.421249312e-11
2.42121323e-11
2.421271517e-11
2.421135514e-11
2.421157719e-11
2.421024492e-11
2.420999512e-11
2.42101339e-11
2.42101339e-11
2.421091105e-11
2.421024492e-11
2.421224332e-11
2.421227108e-11
2.42133813e-11
2.421365886e-11
2.421360334e-11
2.421310374e-11
2.421354783e-11
2.421243761e-11
2.42128817e-11
2.421229883e-11
2.421307599e-11
2.421254863e-11
2.421407519e-11
2.421329803e-11
2.421229883e-11
2.421349232e-11
2.42128817e-11
2.421257639e-11
2.421327028e-11
2.421332579e-11
2.421327028e-11
2.421396417e-11
2.421349232e-11
2.421440826e-11
2.421432499e-11
2.421518541e-11
2.421624012e-11
2.421621237e-11
2.421640666e-11
2.42168785e-11
2.421599032e-11
2.42168785e-11
2.42168785e-11
2.421793321e-11
2.42178777e-11
2.42176279e-11
2.421760015e-11
2.421646217e-11
2.421629564e-11
2.421640666e-11
2.421640666e-11
2.421618461e-11
2.421568501e-11
2.421660095e-11
2.421551848e-11
2.421596257e-11
2.421660095e-11
2.421529643e-11
2.421635115e-11
2.421660095e-11
2.421796097e-11
2.421604584e-11
2.421610135e-11
2.421410294e-11
2.421568501e-11
2.421571277e-11
2.421485235e-11
2.421601808e-11
2.42143805e-11
2.42143805e-11
2.421429723e-11
2.421240985e-11
2.421327028e-11
2.421360334e-11
2.421352008e-11
2.421302048e-11
2.421232659e-11
2.42128817e-11
2.421352008e-11
2.421382539e-11
2.421343681e-11
2.421371437e-11
2.421535195e-11
2.421390866e-11
2.421507439e-11
2.421468581e-11
2.42133813e-11
2.421390866e-11
2.421279843e-11
2.421243761e-11
2.421149392e-11
2.421127188e-11
2.421265966e-11
2.421179923e-11
2.421204903e-11
2.421191025e-11
2.421043921e-11
2.421099432e-11
2.42121323e-11
2.421129963e-11
2.421027268e-11
2.420952327e-11
2.420944001e-11
2.420877387e-11
2.420871836e-11
2.420877387e-11
2.421021716e-11
2.421077228e-11
2.42108833e-11
2.421157719e-11
2.421121637e-11
2.421185474e-11
2.421174372e-11
2.421177148e-11
2.421318701e-11
2.421299272e-11
2.421318701e-11
2.421268741e-11
2.421318701e-11
2.421426948e-11
2.421321477e-11
2.421229883e-11
2.421257639e-11
2.421177148e-11
2.42116327e-11
2.42111331e-11
2.421043921e-11
2.421202128e-11
2.421127188e-11
2.421146617e-11
2.421204903e-11
2.421235434e-11
2.421146617e-11
2.421376988e-11
2.421246537e-11
2.421374212e-11
2.421324252e-11
2.421360334e-11
2.421257639e-11
2.421282619e-11
2.42128817e-11
2.421274292e-11
2.421357559e-11
2.421360334e-11
2.421210454e-11
2.42118825e-11
2.42123821e-11
2.421277068e-11
2.421193801e-11
2.421052248e-11
2.420996736e-11
2.421046696e-11
2.420791345e-11
2.420882939e-11
2.420944001e-11
2.420771916e-11
2.420816325e-11
2.420680323e-11
2.420791345e-11
2.420674772e-11
2.420619261e-11
2.420805223e-11
2.420816325e-11
2.420880163e-11
2.420830203e-11
2.420649792e-11
2.420691425e-11
2.420771916e-11
2.420783018e-11
2.420780243e-11
2.420680323e-11
2.420644241e-11
2.420535994e-11
2.420552647e-11
2.420477707e-11
2.420477707e-11
2.42021958e-11
2.42029452e-11
2.420361134e-11
2.420452727e-11
2.420524892e-11
2.4204444e-11
2.420488809e-11
2.420424972e-11
2.420483258e-11
2.420436074e-11
2.420438849e-11
2.420461054e-11
2.420388889e-11
2.420411094e-11
2.420405543e-11
2.420258438e-11
2.420141865e-11
2.420305623e-11
2.42021958e-11
2.420039169e-11
2.420114109e-11
2.419961453e-11
2.419980882e-11
2.42001974e-11
2.419900391e-11
2.419950351e-11
2.419733858e-11
2.41976994e-11
2.419706102e-11
2.419642264e-11
2.419536793e-11
2.419608958e-11
2.419681122e-11
2.419675571e-11
2.41979492e-11
2.419778267e-11
2.419756062e-11
2.419825451e-11
2.41967002e-11
2.419561773e-11
2.419775491e-11
2.419675571e-11
2.419567324e-11
2.419622835e-11
2.419697775e-11
2.419614509e-11
2.419614509e-11
2.419661693e-11
2.4195701e-11
2.41962006e-11
2.419572875e-11
2.41962006e-11
2.419589529e-11
2.419633938e-11
2.4195701e-11
2.419550671e-11
2.419617284e-11
2.41974496e-11
2.419608958e-11
2.419633938e-11
2.419509038e-11
2.419442424e-11
2.419417444e-11
2.419472955e-11
2.419453526e-11
2.41942022e-11
2.419461853e-11
2.419586753e-11
2.419428546e-11
2.419575651e-11
2.419506262e-11
2.419503486e-11
2.419461853e-11
2.419436873e-11
2.419467404e-11
2.419298095e-11
2.419189848e-11
2.419103806e-11
2.419053846e-11
2.419095479e-11
2.418920619e-11
2.418903966e-11
2.418862333e-11
2.418970579e-11
2.418820699e-11
2.418823475e-11
2.41882625e-11
2.418756861e-11
2.41875131e-11
2.418734657e-11
2.418612532e-11
2.418590328e-11
2.418534817e-11
2.418698575e-11
2.41870135e-11
2.418634737e-11
2.418559797e-11
2.418634737e-11
2.418654166e-11
2.418656941e-11
2.418756861e-11
2.418742984e-11
2.418620859e-11
2.418537592e-11
2.418640288e-11
2.418562572e-11
2.418509837e-11
2.418515388e-11
2.418448775e-11
2.418273914e-11
2.418254486e-11
2.418237832e-11
2.418160117e-11
2.418157341e-11
2.418221179e-11
2.418212852e-11
2.418254486e-11
2.418065748e-11
2.417993583e-11
2.418037992e-11
2.418035217e-11
2.417885336e-11
2.417893663e-11
2.417685496e-11
2.417729905e-11
2.417679945e-11
2.417765987e-11
2.417688272e-11
2.417635536e-11
2.417765987e-11
2.417774314e-11
2.417765987e-11
2.417793743e-11
2.417865907e-11
2.417763212e-11
2.41785203e-11
2.417757661e-11
2.417804845e-11
2.417868683e-11
2.417832601e-11
2.417693823e-11
2.417741007e-11
2.417760436e-11
2.417738232e-11
2.417782641e-11
2.417660516e-11
2.41760223e-11
2.417532841e-11
2.417402389e-11
2.417366307e-11
2.417344103e-11
2.41738296e-11
2.417324674e-11
2.41713316e-11
2.417124834e-11
2.417180345e-11
2.416969402e-11
2.416952749e-11
2.416822298e-11
2.416736256e-11
2.416680744e-11
2.416786216e-11
2.416694622e-11
2.41675846e-11
2.416586375e-11
2.416625233e-11
2.416677969e-11
2.416672418e-11
2.41668352e-11
2.416780664e-11
2.416875033e-11
2.416827849e-11
2.417085976e-11
2.41693332e-11
2.41685838e-11
2.416880585e-11
2.416822298e-11
2.416800093e-11
2.41688336e-11
2.416786216e-11
2.41688336e-11
2.416722378e-11
2.41673348e-11
2.416750133e-11
2.416775113e-11
2.416711276e-11
2.416702949e-11
2.416691847e-11
2.416525313e-11
2.41650866e-11
2.416356004e-11
2.416264411e-11
2.416267186e-11
2.416206124e-11
2.416275513e-11
2.416225553e-11
2.416353229e-11
2.416247757e-11
2.416328249e-11
2.416392086e-11
2.416375433e-11
2.416289391e-11
2.416292166e-11
2.416317146e-11
2.416286615e-11
2.416256084e-11
2.416186695e-11
2.416103428e-11
2.416114531e-11
2.41623388e-11
2.416228329e-11
2.416192246e-11
2.416125633e-11
2.416156164e-11
2.416167266e-11
2.416050693e-11
2.416120082e-11
2.416042366e-11
2.416036815e-11
2.415878608e-11
2.415884159e-11
2.415870282e-11
2.415767586e-11
2.415825873e-11
2.415792566e-11
2.415867506e-11
2.415662115e-11
2.415523337e-11
2.415520561e-11
2.41551501e-11
2.415484479e-11
2.41539011e-11
2.415342926e-11
2.41539011e-11
2.415451172e-11
2.415501132e-11
2.415512235e-11
2.415395661e-11
2.415367906e-11
2.415392886e-11
2.415376232e-11
2.415304068e-11
2.415118106e-11
2.41506537e-11
2.415018185e-11
2.415012634e-11
2.415070921e-11
2.414998757e-11
2.414979328e-11
2.414812794e-11
2.414801692e-11
2.414651812e-11
2.414671241e-11
2.414568545e-11
2.414582423e-11
2.414493605e-11
2.414637934e-11
2.414571321e-11
2.414682343e-11
2.414671241e-11
2.41459075e-11
2.41466569e-11
2.414721201e-11
2.414751732e-11
2.414754507e-11
2.414826672e-11
2.414798916e-11
2.414807243e-11
2.414787814e-11
2.414654587e-11
2.414543565e-11
2.414551892e-11
2.414646261e-11
2.414729527e-11
2.41459075e-11
2.414549116e-11
2.414524136e-11
2.414426992e-11
2.414521361e-11
2.41432152e-11
2.414426992e-11
2.414274336e-11
2.414332623e-11
2.414216049e-11
2.414143885e-11
2.414216049e-11
2.414238254e-11
2.414105027e-11
2.414163314e-11
2.414024536e-11
2.414005107e-11
2.413938494e-11
2.413799716e-11
2.413885758e-11
2.413877431e-11
2.413905187e-11
2.413894085e-11
2.413863553e-11
2.414002331e-11
2.413824696e-11
2.413874656e-11
2.413735878e-11
2.413760858e-11
2.413869105e-11
2.413841349e-11
2.413716449e-11
2.413710898e-11
2.413769185e-11
2.413730327e-11
2.41352216e-11
2.413513833e-11
2.413630407e-11
2.413552691e-11
2.413441669e-11
2.413427791e-11
2.413211297e-11
2.413191869e-11
2.413108602e-11
2.413269584e-11
2.413111377e-11
2.413255706e-11
2.413289013e-11
2.413355626e-11
2.413361178e-11
2.413411138e-11
2.413294564e-11
2.413250155e-11
2.413241829e-11
2.413319544e-11
2.413316769e-11
2.41327236e-11
2.413258482e-11
2.413208522e-11
2.413180766e-11
2.413044764e-11
2.413114153e-11
2.413017008e-11
2.412917088e-11
2.412897659e-11
2.412905986e-11
2.412833822e-11
2.412928191e-11
2.412919864e-11
2.413017008e-11
2.413108602e-11
2.413150235e-11
2.413108602e-11
2.413039213e-11
2.413089173e-11
2.413075295e-11
2.412989253e-11
2.413078071e-11
2.412975375e-11
2.413078071e-11
2.412950395e-11
2.412930966e-11
2.4129726e-11
2.413000355e-11
2.412989253e-11
2.413019784e-11
2.413003131e-11
2.413011457e-11
2.412967048e-11
2.412867128e-11
2.413064193e-11
2.413011457e-11
2.412992028e-11
2.412958722e-11
2.412914313e-11
2.412914313e-11
2.413014233e-11
2.4129726e-11
2.412942068e-11
2.412939293e-11
2.412969824e-11
2.4130975e-11
2.413011457e-11
2.413053091e-11
2.412875455e-11
2.41302256e-11
2.412933742e-11
2.412720024e-11
2.41272835e-11
2.412692268e-11
2.412722799e-11
2.412625655e-11
2.412664513e-11
2.412625655e-11
2.412542388e-11
2.412764433e-11
2.412758882e-11
2.412622879e-11
2.412609001e-11
2.41265341e-11
2.412742228e-11
2.412733902e-11
2.412589573e-11
2.412697819e-11
2.412622879e-11
2.412584021e-11
2.412764433e-11
2.412839373e-11
2.412836597e-11
2.412695044e-11
2.412831046e-11
2.412781086e-11
2.412761657e-11
2.41275333e-11
2.412861577e-11
2.412822719e-11
2.412875455e-11
2.412736677e-11
2.412675615e-11
2.412670064e-11
2.412686717e-11
2.412572919e-11
2.412670064e-11
2.412772759e-11
2.412667288e-11
2.412645084e-11
2.412625655e-11
2.412592348e-11
2.412547939e-11
2.412572919e-11
2.412664513e-11
2.412581246e-11
2.412664513e-11
2.412564593e-11
2.41245357e-11
2.41250353e-11
2.412592348e-11
2.412567368e-11
2.412614553e-11
2.412511857e-11
2.412536837e-11
2.412642308e-11
2.41260345e-11
2.412581246e-11
2.412584021e-11
2.412595124e-11
2.412614553e-11
2.412609001e-11
2.412586797e-11
2.412775535e-11
2.412706146e-11
2.412661737e-11
2.412867128e-11
2.412750555e-11
2.412636757e-11
2.412609001e-11
2.412647859e-11
2.412556266e-11
2.412448019e-11
2.412417488e-11
2.412306466e-11
2.412400835e-11
2.412234301e-11
2.412275935e-11
2.41225373e-11
2.412256506e-11
2.41225373e-11
2.41225373e-11
2.412262057e-11
2.412187117e-11
2.412131606e-11
2.41210385e-11
2.41215381e-11
2.41220377e-11
2.412106626e-11
2.412156586e-11
2.411995603e-11
2.412034461e-11
2.411937317e-11
2.411915112e-11
2.411923439e-11
2.411926214e-11
2.412006705e-11
2.412045563e-11
2.412015032e-11
2.412015032e-11
2.411962297e-11
2.411942868e-11
2.411942868e-11
2.411876254e-11
2.411956745e-11
2.411906785e-11
2.412059441e-11
2.412045563e-11
2.412139932e-11
2.412098299e-11
2.411987277e-11
2.411926214e-11
2.411917888e-11
2.411901234e-11
2.411990052e-11
2.411848499e-11
2.411831845e-11
2.411706945e-11
2.411737476e-11
2.411801314e-11
2.411790212e-11
2.411751354e-11
2.411634781e-11
2.411673639e-11
2.411706945e-11
2.411651434e-11
2.411598699e-11
2.411587596e-11
2.411526534e-11
2.411609801e-11
2.41150433e-11
2.411562616e-11
2.411507105e-11
2.411462696e-11
2.411593147e-11
2.411415512e-11
2.411310041e-11
2.411315592e-11
2.411240652e-11
2.411199018e-11
2.411196243e-11
2.411290612e-11
2.411273958e-11
2.411199018e-11
2.411254529e-11
2.411326694e-11
2.411301714e-11
2.411254529e-11
2.411271183e-11
2.411212896e-11
2.411240652e-11
2.411268407e-11
2.411326694e-11
2.411390532e-11
2.411337796e-11
2.411354449e-11
2.411401634e-11
2.411421063e-11
2.411304489e-11
2.411340572e-11
2.411357225e-11
2.411315592e-11
2.41126008e-11
2.411423838e-11
2.411215672e-11
2.411251754e-11
2.411279509e-11
2.411273958e-11
2.411368327e-11
2.411329469e-11
2.411310041e-11
2.411171263e-11
2.411265632e-11
2.411254529e-11
2.411246203e-11
2.411246203e-11
2.411115751e-11
2.411251754e-11
2.411246203e-11
2.411262856e-11
2.411218447e-11
2.411107425e-11
2.411182365e-11
2.411174038e-11
2.41106024e-11
2.411171263e-11
2.411024158e-11
2.411043587e-11
2.411001954e-11
2.411021383e-11
2.410924238e-11
2.410957545e-11
2.410796562e-11
2.410799338e-11
2.41071052e-11
2.410679989e-11
2.410704969e-11
2.410488475e-11
2.410507904e-11
2.410519007e-11
2.410568967e-11
2.410552313e-11
2.410449618e-11
2.410599498e-11
2.410452393e-11
2.410366351e-11
2.410446842e-11
2.41038578e-11
2.410333044e-11
2.4103608e-11
2.410446842e-11
2.410432964e-11
2.41041076e-11
2.410333044e-11
2.410308064e-11
2.410330269e-11
2.410327493e-11
2.410174837e-11
2.410122102e-11
2.410208144e-11
2.410224798e-11
2.410277533e-11
2.410194266e-11
2.410122102e-11
2.410144306e-11
2.410188715e-11
2.410074917e-11
2.410122102e-11
2.410063815e-11
2.409950017e-11
2.409941691e-11
2.410002753e-11
2.409980548e-11
2.410033284e-11
2.409963895e-11
2.410038835e-11
2.410066591e-11
2.410080469e-11
2.410024957e-11
2.410049937e-11
2.409902833e-11
2.41001108e-11
2.409888955e-11
2.409983324e-11
2.409913935e-11
2.409877853e-11
2.410002753e-11
2.409977773e-11
2.409775157e-11
2.409905608e-11
2.409780708e-11
2.409775157e-11
2.409850097e-11
2.409683564e-11
2.409594746e-11
2.40956699e-11
2.409544786e-11
2.409472621e-11
2.409436539e-11
2.409553113e-11
2.409561439e-11
2.409480948e-11
2.409483724e-11
2.409539235e-11
2.409439315e-11
2.409469846e-11
2.409394906e-11
2.409461519e-11
2.409464295e-11
2.409394906e-11
2.409389355e-11
2.409450417e-11
2.409353272e-11
2.409419886e-11
2.409286659e-11
2.409306088e-11
2.409294986e-11
2.409297761e-11
2.40909237e-11
2.409250577e-11
2.409078492e-11
2.409100697e-11
2.408989674e-11
2.408986899e-11
2.408748201e-11
2.408703792e-11
2.408664934e-11
2.408584443e-11
2.40854281e-11
2.408406807e-11
2.408487298e-11
2.408487298e-11
2.408545585e-11
2.408565014e-11
2.408503952e-11
2.408545585e-11
2.408440114e-11
2.408281907e-11
2.408323541e-11
2.408315214e-11
2.408229172e-11
2.408201416e-11
2.408293009e-11
2.408284683e-11
2.408379052e-11
2.408337418e-11
2.40839293e-11
2.408473421e-11
2.408545585e-11
2.408509503e-11
2.408481747e-11
2.408453992e-11
2.408503952e-11
2.408431787e-11
2.408437338e-11
2.408354072e-11
2.408356847e-11
2.408451216e-11
2.408390154e-11
2.408376276e-11
2.408481747e-11
2.408456767e-11
2.408465094e-11
2.408440114e-11
2.408373501e-11
2.408268029e-11
2.408268029e-11
2.40849285e-11
2.408284683e-11
2.408245825e-11
2.408370725e-11
2.408365174e-11
2.408306887e-11
2.408329092e-11
2.40841791e-11
2.408370725e-11
2.40851783e-11
2.408570565e-11
2.408626076e-11
2.408589994e-11
2.408684363e-11
2.408681588e-11
2.408712119e-11
2.408687139e-11
2.408725996e-11
2.40871767e-11
2.408664934e-11
2.408662159e-11
2.408714894e-11
2.40859277e-11
2.408589994e-11
2.408431787e-11
2.408515054e-11
2.408556687e-11
2.408528932e-11
2.408553912e-11
2.408395705e-11
2.408390154e-11
2.408473421e-11
2.408545585e-11
2.40851783e-11
2.408331867e-11
2.408298561e-11
2.408340194e-11
2.408298561e-11
2.408340194e-11
2.408237498e-11
2.408326316e-11
2.408370725e-11
2.408365174e-11
2.408509503e-11
2.408537259e-11
2.408578892e-11
2.408562239e-11
2.408501176e-11
2.408459543e-11
2.408290234e-11
2.408262478e-11
2.408345745e-11
2.408354072e-11
2.408226396e-11
2.408476196e-11
2.408359623e-11
2.40841791e-11
2.408326316e-11
2.408445665e-11
2.408220845e-11
2.408345745e-11
2.408315214e-11
2.408223621e-11
2.408298561e-11
2.408254152e-11
2.408329092e-11
2.408334643e-11
2.408315214e-11
2.408379052e-11
2.408384603e-11
2.408404032e-11
2.408287458e-11
2.408379052e-11
2.408384603e-11
2.408506727e-11
2.408420685e-11
2.408387378e-11
2.408309663e-11
2.408273581e-11
2.408317989e-11
2.408281907e-11
2.408198641e-11
2.408220845e-11
2.408273581e-11
2.408181987e-11
2.408143129e-11
2.408215294e-11
2.408176436e-11
2.40807374e-11
2.408112598e-11
2.407987698e-11
2.408032107e-11
2.408045985e-11
2.407954391e-11
2.408026556e-11
2.408032107e-11
2.40789888e-11
2.40797382e-11
2.407907207e-11
2.407996025e-11
2.40809872e-11
2.408118149e-11
2.408126476e-11
2.408162558e-11
2.408051536e-11
2.407835042e-11
2.407796185e-11
2.407771205e-11
2.407696265e-11
2.407604671e-11
2.407740674e-11
2.407740674e-11
2.407637978e-11
2.407821165e-11
2.407787858e-11
2.40782394e-11
2.407776756e-11
2.407760102e-11
2.407815614e-11
2.407590793e-11
2.407679611e-11
2.40752418e-11
2.407621325e-11
2.407626876e-11
2.407676836e-11
2.407687938e-11
2.407632427e-11
2.407796185e-11
2.407668509e-11
2.407626876e-11
2.407668509e-11
2.407668509e-11
2.40772402e-11
2.407701816e-11
2.407643529e-11
2.407651856e-11
2.407538058e-11
2.407496424e-11
2.407582467e-11
2.407637978e-11
2.407618549e-11
2.407576916e-11
2.407676836e-11
2.40767406e-11
2.407701816e-11
2.407546384e-11
2.407640753e-11
2.407476996e-11
2.407526956e-11
2.407435362e-11
2.407610222e-11
2.407551936e-11
2.407662958e-11
2.40777398e-11
2.407701816e-11
2.407721245e-11
2.407635202e-11
2.407726796e-11
2.407715693e-11
2.407596345e-11
2.407757327e-11
2.407612998e-11
2.407626876e-11
2.40747422e-11
2.407535282e-11
2.407496424e-11
2.407596345e-11
2.407671285e-11
2.407654631e-11
2.407585242e-11
2.407443689e-11
2.407629651e-11
2.407582467e-11
2.407768429e-11
2.407810062e-11
2.407785082e-11
2.407843369e-11
2.407840594e-11
2.407796185e-11
2.407901656e-11
2.407885002e-11
2.407929411e-11
2.407857247e-11
2.407776756e-11
2.407757327e-11
2.407901656e-11
2.407832267e-11
2.407946065e-11
2.407946065e-11
2.407815614e-11
2.407879451e-11
2.407929411e-11
2.40807374e-11
2.408198641e-11
2.408120925e-11
2.408223621e-11
2.4079988e-11
2.407940514e-11
2.407932187e-11
2.408015454e-11
2.408034883e-11
2.408143129e-11
2.408181987e-11
2.408145905e-11
2.408109823e-11
2.408032107e-11
2.4079988e-11
2.408095945e-11
2.407996025e-11
2.408090394e-11
2.408009903e-11
2.408082067e-11
2.407909983e-11
2.407879451e-11
2.407968269e-11
2.408037658e-11
2.407946065e-11
2.40797382e-11
2.407765654e-11
2.407737898e-11
2.407701816e-11
2.407593569e-11
2.407671285e-11
2.407585242e-11
2.40742426e-11
2.407371524e-11
2.407479771e-11
2.407465893e-11
2.407407607e-11
2.407229971e-11
2.40727438e-11
2.407071764e-11
2.407071764e-11
2.407060662e-11
2.407116173e-11
2.407052335e-11
2.407019029e-11
2.407035682e-11
2.406691513e-11
2.406794208e-11
2.406666533e-11
2.406586042e-11
2.406549959e-11
2.40658049e-11
2.406533306e-11
2.406577715e-11
2.406558286e-11
2.406541633e-11
2.40648057e-11
2.406472244e-11
2.406375099e-11
2.406252975e-11
2.406350119e-11
2.406363997e-11
2.406413957e-11
2.406469468e-11
2.406422284e-11
2.406433386e-11
2.406416733e-11
2.406425059e-11
2.406444488e-11
2.406244648e-11
2.406347344e-11
2.40640563e-11
2.406272404e-11
2.406436161e-11
2.406375099e-11
2.406277955e-11
2.406308486e-11
2.406402855e-11
2.406375099e-11
2.406347344e-11
2.406325139e-11
2.406344568e-11
2.406322364e-11
2.406200239e-11
2.406336241e-11
2.406386201e-11
2.406394528e-11
2.406536082e-11
2.406344568e-11
2.406347344e-11
2.406264077e-11
2.406214117e-11
2.406233546e-11
2.40610587e-11
2.406053135e-11
2.406019828e-11
2.406114197e-11
2.406039257e-11
2.406003174e-11
2.405978194e-11
2.40605591e-11
2.406108646e-11
2.406128075e-11
2.406161381e-11
2.406300159e-11
2.406178035e-11
2.406339017e-11
2.406436161e-11
2.40630571e-11
2.406350119e-11
2.406377875e-11
2.406325139e-11
2.406239097e-11
2.406200239e-11
2.406333466e-11
2.406272404e-11
2.406258526e-11
2.406094768e-11
2.406122523e-11
2.405914357e-11
2.40598097e-11
2.40585607e-11
2.405839417e-11
2.405897703e-11
2.405853294e-11
2.405867172e-11
2.405808885e-11
2.405869948e-11
2.405817212e-11
2.405914357e-11
2.405795008e-11
2.40583109e-11
2.405775579e-11
2.40578113e-11
2.405922683e-11
2.405789457e-11
2.405900479e-11
2.405864397e-11
2.40590603e-11
2.406047583e-11
2.405936561e-11
2.405919908e-11
2.406089217e-11
2.406003174e-11
2.405975419e-11
2.40600595e-11
2.405978194e-11
2.406044808e-11
2.406067012e-11
2.40598097e-11
2.405858845e-11
2.405972643e-11
2.405958766e-11
2.406078115e-11
2.405939337e-11
2.405972643e-11
2.405942112e-11
2.405883825e-11
2.405797783e-11
2.405811661e-11
2.40573117e-11
2.405761701e-11
2.40573117e-11
2.405733945e-11
2.405736721e-11
2.405883825e-11
2.405872723e-11
2.405814437e-11
2.406033706e-11
2.406086441e-11
2.405889377e-11
2.405653454e-11
2.405758925e-11
2.405828314e-11
2.40578113e-11
2.405886601e-11
2.40578113e-11
2.405584065e-11
2.405628474e-11
2.405659005e-11
2.405534105e-11
2.405717292e-11
2.405770028e-11
2.405836641e-11
2.405695088e-11
2.405745048e-11
2.40578113e-11
2.405797783e-11
2.40573117e-11
2.405697863e-11
2.405678434e-11
2.405703414e-11
2.405792232e-11
2.405689536e-11
2.405764477e-11
2.40568121e-11
2.405603494e-11
2.405620148e-11
2.405650679e-11
2.405703414e-11
2.405767252e-11
2.405836641e-11
2.405753374e-11
2.40580611e-11
2.405697863e-11
2.405789457e-11
2.405603494e-11
2.405722843e-11
2.405495247e-11
2.405509125e-11
2.405459165e-11
2.405445287e-11
2.405436961e-11
2.405434185e-11
2.405534105e-11
2.405442512e-11
2.405362021e-11
2.405417532e-11
2.405325938e-11
2.405367572e-11
2.405392552e-11
2.405467492e-11
2.405389776e-11
2.405420307e-11
2.405384225e-11
2.405334265e-11
2.405337041e-11
2.405253774e-11
2.405253774e-11
2.405170507e-11
2.405106669e-11
2.405139976e-11
2.405067812e-11
2.405051158e-11
2.40491238e-11
2.404934585e-11
2.404884625e-11
2.404842991e-11
2.404759725e-11
2.404770827e-11
2.404704214e-11
2.40478748e-11
2.404798582e-11
2.404795807e-11
2.404690336e-11
2.40461262e-11
2.404604293e-11
2.404593191e-11
2.404479393e-11
2.404451638e-11
2.404473842e-11
2.404557109e-11
2.404570987e-11
2.40461262e-11
2.404479393e-11
2.404446087e-11
2.404509925e-11
2.404407229e-11
2.40421294e-11
2.404265675e-11
2.404182409e-11
2.404260124e-11
2.40421294e-11
2.40418796e-11
2.404254573e-11
2.404226818e-11
2.404315635e-11
2.404393351e-11
2.40428788e-11
2.404268451e-11
2.40431286e-11
2.40431286e-11
2.404232369e-11
2.404115795e-11
2.404140775e-11
2.404015875e-11
2.404140775e-11
2.404126898e-11
2.40421294e-11
2.40416298e-11
2.404076938e-11
2.404199062e-11
2.4040131e-11
2.403974242e-11
2.404085264e-11
2.403954813e-11
2.403877097e-11
2.403996446e-11
2.403832688e-11
2.403818811e-11
2.403860444e-11
2.403846566e-11
2.403799382e-11
2.403952037e-11
2.403949262e-11
2.403890975e-11
2.403849342e-11
2.403732768e-11
2.403757748e-11
2.403832688e-11
2.403779953e-11
2.403641175e-11
2.403743871e-11
2.403810484e-11
2.403677257e-11
2.403735544e-11
2.403668931e-11
2.403705013e-11
2.403580113e-11
2.403602317e-11
2.403560684e-11
2.40354403e-11
2.40351905e-11
2.403430233e-11
2.403360844e-11
2.403358068e-11
2.403541255e-11
2.403541255e-11
2.403505173e-11
2.403499622e-11
2.403557908e-11
2.403646726e-11
2.403652277e-11
2.403530153e-11
2.403313659e-11
2.403321986e-11
2.403230392e-11
2.403405253e-11
2.403313659e-11
2.403227617e-11
2.403208188e-11
2.403360844e-11
2.403335864e-11
2.403252597e-11
2.403105492e-11
2.403130472e-11
2.403074961e-11
2.403155452e-11
2.403061083e-11
2.402950061e-11
2.402983368e-11
2.403016675e-11
2.403111043e-11
2.40316933e-11
2.403041655e-11
2.402955612e-11
2.402933408e-11
2.402908428e-11
2.402983368e-11
2.402958388e-11
2.402897326e-11
2.402891774e-11
2.402730792e-11
2.402675281e-11
2.40256981e-11
2.402600341e-11
2.402653076e-11
2.402555932e-11
2.402555932e-11
2.402511523e-11
2.402611443e-11
2.402467114e-11
2.402505972e-11
2.402458787e-11
2.402372745e-11
2.402403276e-11
2.402625321e-11
2.402406052e-11
2.402467114e-11
2.402389399e-11
2.402233967e-11
2.402361643e-11
2.402289478e-11
2.402145149e-11
2.4020258e-11
2.402042454e-11
2.401895349e-11
2.401878696e-11
2.40170106e-11
2.401678856e-11
2.401759347e-11
2.401517873e-11
2.401567833e-11
2.401343013e-11
2.401548405e-11
2.401462362e-11
2.401503996e-11
2.401714938e-11
2.401759347e-11
2.401887023e-11
2.401881471e-11
2.401839838e-11
2.401878696e-11
2.40187592e-11
2.401892574e-11
2.40187592e-11
2.401792654e-11
2.401884247e-11
2.401756571e-11
2.401792654e-11
2.401756571e-11
2.401806531e-11
2.401687182e-11
2.401617794e-11
2.401709387e-11
2.401639998e-11
2.401709387e-11
2.401648325e-11
2.401714938e-11
2.401562282e-11
2.401531751e-11
2.401495669e-11
2.401437382e-11
2.401437382e-11
2.401259747e-11
2.40120146e-11
2.401265298e-11
2.401268073e-11
2.401398524e-11
2.401315258e-11
2.401265298e-11
2.401173704e-11
2.401198684e-11
2.401334687e-11
2.401218113e-11
2.401290278e-11
2.401259747e-11
2.401207011e-11
2.401157051e-11
2.401143173e-11
2.401007171e-11
2.401046029e-11
2.40100162e-11
2.400846189e-11
2.400760146e-11
2.40082676e-11
2.400638022e-11
2.400704635e-11
2.400746268e-11
2.400768473e-11
2.400654675e-11
2.40067688e-11
2.400649124e-11
2.400496468e-11
2.400421528e-11
2.400388222e-11
2.400246668e-11
2.400224464e-11
2.400285526e-11
2.400224464e-11
2.400343813e-11
2.400302179e-11
2.400254995e-11
2.400465937e-11
2.400421528e-11
2.400341037e-11
2.400313281e-11
2.40035769e-11
2.400313281e-11
2.400335486e-11
2.400449284e-11
2.400493693e-11
2.400524224e-11
2.400646348e-11
2.400632471e-11
2.400718513e-11
2.400657451e-11
2.400532551e-11
2.400563082e-11
2.400607491e-11
2.400588062e-11
2.400574184e-11
2.400496468e-11
2.400393773e-11
2.400329935e-11
2.400327159e-11
2.400202259e-11
2.400138421e-11
2.400069032e-11
2.400052379e-11
2.400055155e-11
2.400038501e-11
2.40000797e-11
2.400077359e-11
2.399966337e-11
2.400038501e-11
2.399824783e-11
2.399971888e-11
2.399969112e-11
2.399849763e-11
2.399780374e-11
2.399744292e-11
2.399874743e-11
2.399946908e-11
2.399946908e-11
2.399863641e-11
2.400027399e-11
2.400080135e-11
2.400069032e-11
2.400013521e-11
2.400021848e-11
2.399969112e-11
2.400019072e-11
2.399955235e-11
2.399844212e-11
2.399885846e-11
2.399935806e-11
2.400069032e-11
2.399952459e-11
2.399994092e-11
2.399994092e-11
2.400044052e-11
2.399991317e-11
2.400041277e-11
2.399869192e-11
2.399944132e-11
2.399838661e-11
2.399902499e-11
2.399946908e-11
2.399846988e-11
2.399935806e-11
2.399713761e-11
2.399747068e-11
2.399619392e-11
2.399769272e-11
2.399705434e-11
2.39963327e-11
2.399691557e-11
2.399785926e-11
2.399838661e-11
2.399866417e-11
2.39993303e-11
2.400049604e-11
2.40005793e-11
2.400038501e-11
2.400188381e-11
2.400341037e-11
2.400266097e-11
2.400227239e-11
2.400302179e-11
2.400343813e-11
2.400318833e-11
2.400277199e-11
2.40030773e-11
2.400279975e-11
2.400302179e-11
2.400263321e-11
2.40020781e-11
2.400230015e-11
2.400155075e-11
2.400243893e-11
2.400113441e-11
2.400263321e-11
2.400202259e-11
2.40023279e-11
2.400296628e-11
2.400193932e-11
2.400205035e-11
2.400143972e-11
2.400218913e-11
2.400152299e-11
2.400230015e-11
2.400121768e-11
2.400113441e-11
2.400044052e-11
2.399869192e-11
2.399941357e-11
2.399913601e-11
2.39983311e-11
2.399816457e-11
2.399813681e-11
2.399719312e-11
2.399638821e-11
2.399688781e-11
2.39965825e-11
2.399641597e-11
2.39960829e-11
2.399619392e-11
2.39958331e-11
2.399547228e-11
2.399591637e-11
2.39955833e-11
2.399519472e-11
2.399438981e-11
2.399411225e-11
2.399314081e-11
2.399327959e-11
2.399205834e-11
2.399194732e-11
2.399214161e-11
2.399203058e-11
2.399225263e-11
2.399100363e-11
2.399108689e-11
2.399161425e-11
2.398961585e-11
2.398978238e-11
2.3989144e-11
2.398944932e-11
2.398894972e-11
2.398892196e-11
2.398992116e-11
2.398997667e-11
2.398917176e-11
2.398847787e-11
2.398833909e-11
2.398842236e-11
2.398781174e-11
2.398825583e-11
2.398808929e-11
2.39888942e-11
2.398817256e-11
2.3989144e-11
2.399042076e-11
2.398994892e-11
2.398969912e-11
2.398961585e-11
2.398911625e-11
2.398872767e-11
2.398831134e-11
2.398770071e-11
2.3989144e-11
2.398911625e-11
2.398933829e-11
2.398684029e-11
2.398775623e-11
2.398717336e-11
2.39876452e-11
2.398722887e-11
2.398697907e-11
2.398847787e-11
2.398684029e-11
2.398811705e-11
2.398750643e-11
2.398820032e-11
2.398761745e-11
2.398672927e-11
2.39871456e-11
2.398592436e-11
2.398661825e-11
2.398586885e-11
2.398511945e-11
2.398534149e-11
2.398645171e-11
2.398670151e-11
2.3985397e-11
2.398412025e-11
2.398492516e-11
2.398342636e-11
2.398398147e-11
2.398217736e-11
2.398234389e-11
2.398123367e-11
2.398212184e-11
2.398112264e-11
2.398056753e-11
2.39811504e-11
2.397967935e-11
2.39796516e-11
2.397967935e-11
2.398004018e-11
2.398092835e-11
2.398031773e-11
2.39801512e-11
2.39806508e-11
2.398076182e-11
2.398270471e-11
2.398362065e-11
2.398409249e-11
2.398417576e-11
2.398570231e-11
2.39856468e-11
2.398631294e-11
2.398684029e-11
2.398628518e-11
2.398561905e-11
2.398536925e-11
2.398481413e-11
2.398498067e-11
2.398484189e-11
2.39846476e-11
2.398403698e-11
2.398403698e-11
2.398398147e-11
2.398486965e-11
2.398409249e-11
2.398536925e-11
2.398450882e-11
2.398456433e-11
2.398420351e-11
2.398406473e-11
2.398492516e-11
2.3985397e-11
2.398461985e-11
2.398403698e-11
2.398448107e-11
2.398486965e-11
2.398434229e-11
2.39858966e-11
2.398498067e-11
2.39843978e-11
2.398600762e-11
2.398548027e-11
2.398337084e-11
2.398303778e-11
2.398212184e-11
2.398178878e-11
2.398134469e-11
2.398012344e-11
2.398123367e-11
2.397981813e-11
2.397945731e-11
2.398034549e-11
2.398042875e-11
2.398112264e-11
2.398128918e-11
2.397962384e-11
2.397929078e-11
2.397992915e-11
2.397937404e-11
2.397951282e-11
2.397945731e-11
2.397787524e-11
2.397793075e-11
2.397693155e-11
2.397693155e-11
2.397748666e-11
2.397770871e-11
2.397695931e-11
2.397659848e-11
2.397670951e-11
2.397632093e-11
2.397529397e-11
2.397529397e-11
2.397618215e-11
2.397596011e-11
2.397509968e-11
2.397365639e-11
2.39732123e-11
2.39717135e-11
2.397124166e-11
2.397076981e-11
2.397185228e-11
2.39717135e-11
2.397013144e-11
2.397068655e-11
2.396988164e-11
2.397057552e-11
2.396988164e-11
2.396935428e-11
2.396954857e-11
2.39694653e-11
2.396990939e-11
2.396827181e-11
2.396904897e-11
2.396779997e-11
2.396904897e-11
2.39679665e-11
2.396985388e-11
2.397140819e-11
2.397052001e-11
2.397057552e-11
2.396913223e-11
2.396968735e-11
2.396949306e-11
2.397063104e-11
2.396982612e-11
2.396957632e-11
2.396932652e-11
2.396957632e-11
2.396943755e-11
2.396868815e-11
2.396802201e-11
2.397007592e-11
2.396755017e-11
2.396827181e-11
2.396835508e-11
2.396924326e-11
2.396813303e-11
2.39679665e-11
2.396860488e-11
2.396940979e-11
2.396816079e-11
2.396843835e-11
2.396804977e-11
2.396841059e-11
2.396749466e-11
2.396777221e-11
2.39677167e-11
2.39677167e-11
2.396766119e-11
2.396799426e-11
2.396788323e-11
2.39672171e-11
2.396605137e-11
2.396594034e-11
2.396535748e-11
2.396582932e-11
2.39659681e-11
2.396735588e-11
2.396802201e-11
2.396802201e-11
2.396857712e-11
2.396824406e-11
2.396963183e-11
2.397060328e-11
2.397038124e-11
2.396999266e-11
2.396918775e-11
2.396968735e-11
2.39694653e-11
2.397024246e-11
2.396918775e-11
2.396893795e-11
2.396832732e-11
2.396788323e-11
2.396743914e-11
2.396824406e-11
2.396824406e-11
2.396915999e-11
2.396891019e-11
2.39684661e-11
2.396799426e-11
2.396699506e-11
2.396743914e-11
2.396838283e-11
2.396791099e-11
2.396857712e-11
2.396954857e-11
2.39704645e-11
2.397002041e-11
2.396932652e-11
2.396932652e-11
2.396902121e-11
2.396968735e-11
2.39692155e-11
2.396818854e-11
2.396827181e-11
2.396891019e-11
2.396849386e-11
2.39682163e-11
2.396777221e-11
2.396857712e-11
2.396738363e-11
2.396724486e-11
2.396627341e-11
2.396660648e-11
2.396557952e-11
2.396580157e-11
2.396449705e-11
2.396433052e-11
2.39637199e-11
2.396163823e-11
2.396019494e-11
2.396161047e-11
2.396019494e-11
2.396155496e-11
2.396066678e-11
2.396161047e-11
2.396061127e-11
2.396141618e-11
2.396113863e-11
2.396235987e-11
2.396130516e-11
2.396238763e-11
2.396025045e-11
2.396055576e-11
2.395991738e-11
2.395980636e-11
2.396019494e-11
2.396119414e-11
2.395919574e-11
2.395950105e-11
2.395958432e-11
2.395950105e-11
2.395927901e-11
2.395775245e-11
2.395714183e-11
2.395844634e-11
2.395803e-11
2.395961207e-11
2.395902921e-11
2.395916798e-11
2.395864063e-11
2.395811327e-11
2.395694754e-11
2.395572629e-11
2.395686427e-11
2.395625365e-11
2.395722509e-11
2.39560316e-11
2.395658671e-11
2.395600385e-11
2.395611487e-11
2.39557818e-11
2.395514342e-11
2.395597609e-11
2.395525445e-11
2.39552822e-11
2.395600385e-11
2.395511567e-11
2.395658671e-11
2.395589283e-11
2.395594834e-11
2.395586507e-11
2.395608711e-11
2.395608711e-11
2.395711407e-11
2.395747489e-11
2.395780796e-11
2.395716958e-11
2.395625365e-11
2.395589283e-11
2.395614263e-11
2.395444954e-11
2.395458831e-11
2.395533771e-11
2.395492138e-11
2.395572629e-11
2.395536547e-11
2.395675325e-11
2.395680876e-11
2.395636467e-11
2.395661447e-11
2.395636467e-11
2.395655896e-11
2.395647569e-11
2.395633691e-11
2.395469934e-11
2.395461607e-11
2.395350585e-11
2.39525344e-11
2.395311727e-11
2.395317278e-11
2.395242338e-11
2.395106335e-11
2.3950536e-11
2.394981435e-11
2.394920373e-11
2.394917598e-11
2.394864862e-11
2.394975884e-11
2.394884291e-11
2.394939802e-11
2.394914822e-11
2.395042498e-11
2.395045273e-11
2.395031395e-11
2.395114662e-11
2.395045273e-11
2.395092458e-11
2.39515352e-11
2.395125764e-11
2.395142418e-11
2.395150744e-11
2.39527842e-11
2.395247889e-11
2.395167398e-11
2.395025844e-11
2.395056375e-11
2.394992538e-11
2.395084131e-11
2.394975884e-11
2.394809351e-11
2.394895393e-11
2.394873189e-11
2.394739962e-11
2.394684451e-11
2.3948038e-11
2.394651144e-11
2.394695553e-11
2.394745513e-11
2.394967558e-11
2.394848209e-11
2.394764942e-11
2.394798249e-11
2.394659471e-11
2.394676124e-11
2.394659471e-11
2.394681675e-11
2.394687226e-11
2.394667797e-11
2.394601184e-11
2.394756615e-11
2.394692777e-11
2.394617837e-11
2.394687226e-11
2.394642817e-11
2.394812126e-11
2.394692777e-11
2.394662246e-11
2.394695553e-11
2.3946789e-11
2.394626164e-11
2.394609511e-11
2.394540122e-11
2.394470733e-11
2.394465182e-11
2.394306975e-11
2.394190401e-11
2.394276444e-11
2.39418485e-11
2.394057175e-11
2.394054399e-11
2.393871212e-11
2.393829579e-11
2.393779619e-11
2.393782395e-11
2.393851783e-11
2.393596432e-11
2.393527043e-11
2.393471532e-11
2.393416021e-11
2.393324428e-11
2.393255039e-11
2.393266141e-11
2.393266141e-11
2.393055198e-11
2.393091281e-11
2.39316067e-11
2.393013565e-11
2.393071852e-11
2.393032994e-11
2.392977483e-11
2.392991361e-11
2.393063525e-11
2.392933074e-11
2.393055198e-11
2.392996912e-11
2.392977483e-11
2.392927523e-11
2.392944176e-11
2.392941401e-11
2.392899767e-11
2.392694376e-11
2.392774867e-11
2.392649967e-11
2.392727683e-11
2.392788745e-11
2.392627763e-11
2.392699927e-11
2.392680498e-11
2.392655518e-11
2.392636089e-11
2.392580578e-11
2.392533394e-11
2.392483434e-11
2.392364085e-11
2.392414045e-11
2.3923169e-11
2.392452902e-11
2.392283593e-11
2.392214205e-11
2.39226694e-11
2.392214205e-11
2.392297471e-11
2.392219756e-11
2.392189224e-11
2.392086529e-11
2.392111509e-11
2.392033793e-11
2.391925547e-11
2.391895015e-11
2.391919995e-11
2.391897791e-11
2.391861709e-11
2.391947751e-11
2.391925547e-11
2.392003262e-11
2.391997711e-11
2.391986609e-11
2.392003262e-11
2.392100407e-11
2.392128162e-11
2.3920671e-11
2.39204212e-11
2.39211706e-11
2.392006038e-11
2.392147591e-11
2.392119836e-11
2.392261389e-11
2.392178122e-11
2.392211429e-11
2.392064324e-11
2.392147591e-11
2.391972731e-11
2.392080978e-11
2.392028242e-11
2.392139264e-11
2.392003262e-11
2.392155918e-11
2.392111509e-11
2.391978282e-11
2.392028242e-11
2.392180898e-11
2.392069876e-11
2.392122611e-11
2.391969955e-11
2.391972731e-11
2.391870035e-11
2.391825626e-11
2.391883913e-11
2.391944975e-11
2.391847831e-11
2.391925547e-11
2.391747911e-11
2.391686849e-11
2.391689624e-11
2.391706277e-11
2.391573051e-11
2.391639664e-11
2.39164244e-11
2.391620235e-11
2.391634113e-11
2.391570275e-11
2.391581377e-11
2.391681297e-11
2.391520315e-11
2.391456477e-11
2.391584153e-11
2.391242759e-11
2.391437048e-11
2.391489784e-11
2.3914426e-11
2.391561948e-11
2.391437048e-11
2.391342679e-11
2.391389864e-11
2.391317699e-11
2.391331577e-11
2.391320475e-11
2.391192799e-11
2.39114839e-11
2.391134513e-11
2.391195575e-11
2.391239984e-11
2.391109533e-11
2.391190024e-11
2.391165044e-11
2.391056797e-11
2.391067899e-11
2.391026266e-11
2.390826426e-11
2.391034593e-11
2.390954101e-11
2.390868059e-11
2.390795895e-11
2.390809772e-11
2.390776466e-11
2.390670995e-11
2.390684872e-11
2.390676546e-11
2.390829201e-11
2.390679321e-11
2.390820875e-11
2.390884712e-11
2.390776466e-11
2.390768139e-11
2.390806997e-11
2.390745935e-11
2.390668219e-11
2.39057385e-11
2.39044895e-11
2.390690423e-11
2.390596054e-11
2.390587728e-11
2.390596054e-11
2.390604381e-11
2.390482257e-11
2.390476705e-11
2.390387888e-11
2.390379561e-11
2.390368459e-11
2.390357356e-11
2.390357356e-11
2.390326825e-11
2.39042397e-11
2.390382337e-11
2.390243559e-11
2.390376785e-11
2.390279641e-11
2.390207476e-11
2.390215803e-11
2.390140863e-11
2.390079801e-11
2.390088127e-11
2.390035392e-11
2.390082576e-11
2.390129761e-11
2.390160292e-11
2.390043718e-11
2.39017417e-11
2.390215803e-11
2.390226905e-11
2.390160292e-11
2.390118659e-11
2.390182496e-11
2.390221354e-11
2.390182496e-11
2.390193599e-11
2.39019915e-11
2.390165843e-11
2.390113107e-11
2.390102005e-11
2.390102005e-11
2.390163067e-11
2.390102005e-11
2.39002429e-11
2.390207476e-11
2.390135312e-11
2.390118659e-11
2.390115883e-11
2.390240783e-11
2.390132536e-11
2.390113107e-11
2.38997433e-11
2.390132536e-11
2.390207476e-11
2.390188047e-11
2.390121434e-11
2.390093679e-11
2.390077025e-11
2.390029841e-11
2.389893838e-11
2.389877185e-11
2.389835552e-11
2.389752285e-11
2.389763387e-11
2.389688447e-11
2.389607956e-11
2.389591303e-11
2.389671794e-11
2.3895802e-11
2.389508036e-11
2.389385911e-11
2.389297094e-11
2.38940534e-11
2.389438647e-11
2.389316522e-11
2.389385911e-11
2.389324849e-11
2.389385911e-11
2.389194398e-11
2.389366482e-11
2.38940534e-11
2.389377585e-11
2.389466403e-11
2.389377585e-11
2.389385911e-11
2.389471954e-11
2.389496934e-11
2.389502485e-11
2.3894553e-11
2.389538567e-11
2.389510811e-11
2.389499709e-11
2.3895802e-11
2.389544118e-11
2.389427545e-11
2.3893304e-11
2.389272113e-11
2.389269338e-11
2.389358156e-11
2.38930542e-11
2.389269338e-11
2.38925546e-11
2.389433096e-11
2.389363707e-11
2.389308196e-11
2.389244358e-11
2.389277665e-11
2.389369258e-11
2.389258236e-11
2.389263787e-11
2.38935538e-11
2.389216602e-11
2.389319298e-11
2.389169418e-11
2.389211051e-11
2.389138887e-11
2.389152765e-11
2.389033416e-11
2.389088927e-11
2.389069498e-11
2.389133336e-11
2.388925169e-11
2.3888308e-11
2.388925169e-11
2.388758635e-11
2.388672593e-11
2.388642062e-11
2.38865594e-11
2.388494957e-11
2.388472753e-11
2.388356179e-11
2.388414466e-11
2.388375608e-11
2.388392262e-11
2.38843112e-11
2.388264586e-11
2.388347853e-11
2.388420017e-11
2.388400588e-11
2.38840614e-11
2.388364506e-11
2.388325648e-11
2.388500508e-11
2.388517162e-11
2.38843112e-11
2.388395037e-11
2.388353404e-11
2.388439446e-11
2.388320097e-11
2.388300668e-11
2.388200748e-11
2.388189646e-11
2.388270137e-11
2.388103604e-11
2.388128584e-11
2.388245157e-11
2.388236831e-11
2.388333975e-11
2.388420017e-11
2.388436671e-11
2.388464426e-11
2.388420017e-11
2.388428344e-11
2.3884561e-11
2.388572673e-11
2.388669817e-11
2.388683695e-11
2.388783615e-11
2.388661491e-11
2.388647613e-11
2.388694798e-11
2.388825249e-11
2.388775289e-11
2.388816922e-11
2.388719778e-11
2.388789166e-11
2.388700349e-11
2.38873088e-11
2.388789166e-11
2.388861331e-11
2.388719778e-11
2.388686471e-11
2.388597653e-11
2.388744758e-11
2.388722553e-11
2.388661491e-11
2.388603204e-11
2.388494957e-11
2.388519937e-11
2.388639286e-11
2.388739206e-11
2.388889087e-11
2.388741982e-11
2.388766962e-11
2.388692022e-11
2.388700349e-11
2.38865594e-11
2.388700349e-11
2.38855602e-11
2.388581e-11
2.388536591e-11
2.388650389e-11
2.388503284e-11
2.388375608e-11
2.388383935e-11
2.388422793e-11
2.388345077e-11
2.388314546e-11
2.388350628e-11
2.388234055e-11
2.388361731e-11
2.388439446e-11
2.388300668e-11
2.388253484e-11
2.388150788e-11
2.388145237e-11
2.388148013e-11
2.388067522e-11
2.387953724e-11
2.387906539e-11
2.387831599e-11
2.387792741e-11
2.387676168e-11
2.387706699e-11
2.387720577e-11
2.387706699e-11
2.387617881e-11
2.387665066e-11
2.387581799e-11
2.387604003e-11
2.387576248e-11
2.387542941e-11
2.387492981e-11
2.387440245e-11
2.387390285e-11
2.387334774e-11
2.387318121e-11
2.387232079e-11
2.387334774e-11
2.387245956e-11
2.387179343e-11
2.387195996e-11
2.387132159e-11
2.38718767e-11
2.38716269e-11
2.387109954e-11
2.387121056e-11
2.387079423e-11
2.386901787e-11
2.387010034e-11
2.386865705e-11
2.386818521e-11
2.386710274e-11
2.386721376e-11
2.386782438e-11
2.386779663e-11
2.386754683e-11
2.386807418e-11
2.386746356e-11
2.386721376e-11
2.386799092e-11
2.386849052e-11
2.386840725e-11
2.386932318e-11
2.386971176e-11
2.386835174e-11
2.386821296e-11
2.386790765e-11
2.38666864e-11
2.386579823e-11
2.386552067e-11
2.386599252e-11
2.386429943e-11
2.38661868e-11
2.386435494e-11
2.386391085e-11
2.386271736e-11
2.386341125e-11
2.386199571e-11
2.386257858e-11
2.386152387e-11
2.386385534e-11
2.386352227e-11
2.386219e-11
2.386199571e-11
2.386121856e-11
2.386132958e-11
2.386116305e-11
2.386155162e-11
2.386177367e-11
2.386199571e-11
2.386157938e-11
2.385963649e-11
2.386024711e-11
2.385963649e-11
2.385999731e-11
2.386008058e-11
2.386027487e-11
2.385955322e-11
2.385916464e-11
2.385941444e-11
2.385880382e-11
2.385910913e-11
2.385905362e-11
2.385913689e-11
2.385874831e-11
2.385874831e-11
2.385880382e-11
2.38594422e-11
2.385916464e-11
2.386002507e-11
2.385860953e-11
2.385791564e-11
2.385830422e-11
2.3857194e-11
2.385816544e-11
2.385738829e-11
2.385761033e-11
2.385641684e-11
2.385663889e-11
2.385658338e-11
2.385541764e-11
2.385633358e-11
2.385533437e-11
2.385502906e-11
2.385550091e-11
2.385600051e-11
2.385480702e-11
2.385408537e-11
2.385422415e-11
2.385350251e-11
2.385286413e-11
2.385350251e-11
2.385286413e-11
2.385228126e-11
2.385233677e-11
2.385244779e-11
2.385230902e-11
2.38529474e-11
2.385305842e-11
2.385211473e-11
2.385297515e-11
2.385328046e-11
2.385142084e-11
2.385022735e-11
2.384978326e-11
2.385033837e-11
2.384897835e-11
2.384914488e-11
2.384870079e-11
2.384822895e-11
2.384703546e-11
2.38467579e-11
2.384595299e-11
2.384412112e-11
2.384412112e-11
2.384403786e-11
2.384384357e-11
2.38440101e-11
2.384195619e-11
2.384156761e-11
2.38410125e-11
2.384056841e-11
2.384034636e-11
2.384162312e-11
2.384117903e-11
2.384042963e-11
2.384023534e-11
2.383993003e-11
2.384084596e-11
2.38395137e-11
2.384042963e-11
2.383943043e-11
2.383948594e-11
2.383757081e-11
2.383793163e-11
2.383815367e-11
2.383865327e-11
2.38380149e-11
2.383782061e-11
2.383715447e-11
2.383737652e-11
2.383651609e-11
2.383360176e-11
2.383343523e-11
2.383279685e-11
2.383293563e-11
2.383335196e-11
2.383279685e-11
2.3832325e-11
2.38328246e-11
2.383440667e-11
2.383496178e-11
2.38350728e-11
2.383504505e-11
2.383529485e-11
2.383598874e-11
2.383518383e-11
2.383512832e-11
2.383609976e-11
2.383601649e-11
2.383604425e-11
2.383496178e-11
2.383437891e-11
2.383468423e-11
2.383390707e-11
2.383426789e-11
2.38340736e-11
2.383393483e-11
2.383349074e-11
2.383288011e-11
2.383276909e-11
2.383251929e-11
2.3831076e-11
2.383360176e-11
2.383260256e-11
2.383226949e-11
2.383149234e-11
2.38315756e-11
2.383071518e-11
2.383213071e-11
2.382977149e-11
2.382929964e-11
2.382918862e-11
2.382896658e-11
2.382863351e-11
2.382896658e-11
2.382885556e-11
2.38288278e-11
2.38300768e-11
2.382991027e-11
2.382888331e-11
2.382977149e-11
2.383043762e-11
2.3829827e-11
2.383068742e-11
2.383110376e-11
2.383021558e-11
2.383065967e-11
2.38295772e-11
2.38283282e-11
2.382835596e-11
2.382788411e-11
2.382744002e-11
2.382802289e-11
2.38283282e-11
2.382877229e-11
2.382816167e-11
2.382735675e-11
2.382616326e-11
2.382796738e-11
2.382749553e-11
2.382746778e-11
2.38283282e-11
2.382821718e-11
2.382796738e-11
2.382616326e-11
2.382841147e-11
2.382680164e-11
2.382680164e-11
2.382810615e-11
2.382755104e-11
2.382877229e-11
2.382788411e-11
2.382688491e-11
2.382644082e-11
2.382738451e-11
2.382677389e-11
2.38275788e-11
2.382646858e-11
2.382813391e-11
2.38270792e-11
2.382680164e-11
2.382671838e-11
2.38263298e-11
2.382510855e-11
2.382574693e-11
2.382466446e-11
2.382641306e-11
2.382538611e-11
2.382477549e-11
2.382324893e-11
2.382369302e-11
2.382327668e-11
2.382222197e-11
2.382086195e-11
2.382055664e-11
2.382111175e-11
2.382105624e-11
2.381975173e-11
2.381947417e-11
2.381880804e-11
2.381847497e-11
2.381828068e-11
2.381858599e-11
2.381797537e-11
2.381897457e-11
2.381894681e-11
2.381753128e-11
2.381750352e-11
2.38171427e-11
2.381703168e-11
2.381533859e-11
2.381500552e-11
2.381431163e-11
2.381386754e-11
2.381325692e-11
2.381178588e-11
2.381161934e-11
2.381153608e-11
2.381095321e-11
2.381103648e-11
2.381048136e-11
2.380975972e-11
2.380884379e-11
2.380823316e-11
2.380734498e-11
2.380703967e-11
2.380831643e-11
2.380826092e-11
2.38086495e-11
2.380817765e-11
2.380681763e-11
2.380778907e-11
2.380687314e-11
2.38076503e-11
2.380831643e-11
2.380709518e-11
2.380640129e-11
2.380617925e-11
2.380692865e-11
2.380606823e-11
2.380556863e-11
2.380437514e-11
2.38029596e-11
2.380357023e-11
2.380265429e-11
2.380343145e-11
2.380354247e-11
2.380376452e-11
2.38029596e-11
2.380226571e-11
2.380218245e-11
2.38017106e-11
2.380098896e-11
2.380129427e-11
2.380032282e-11
2.379926811e-11
2.379910158e-11
2.379868524e-11
2.379973996e-11
2.37997122e-11
2.379998976e-11
2.380043385e-11
2.37994624e-11
2.37984632e-11
2.379857422e-11
2.379768604e-11
2.379804687e-11
2.379685338e-11
2.379629827e-11
2.379507702e-11
2.379454966e-11
2.379499375e-11
2.379688113e-11
2.379541009e-11
2.379574315e-11
2.379380026e-11
