0.995569656
0.09267542498
0.05335485961
0.03514703216
0.02598179397
0.02071433091
0.01733754502
0.01497124869
0.01319093685
0.01177557983
0.0106025629
0.009600071598
0.008723967538
0.00794590188
0.007246906718
0.006613793918
0.006037055178
0.005509595295
0.005025943802
0.00458175007
0.004173451578
0.003798051081
0.003452964207
0.003135913786
0.002844855916
0.002577927983
0.002333412117
0.002109709569
0.001905322867
0.001718843476
0.001548943335
0.001394369056
0.001253937906
0.001126534946
0.001011110839
0.0009066800284
0.0008123190376
0.0007271647651
0.0006504126774
0.0005813148564
0.0005191778884
0.0004633605991
0.000413271655
0.0003683670585
0.0003281475701
0.0002921560876
0.0002599750166
0.00023122366
0.0002055556515
0.0001826564576
0.0001622409633
0.0001440511577
0.0001278539294
0.0001134389797
0.0001006168578
8.921712013e-05
7.908661425e-05
7.008788537e-05
6.209770228e-05
5.500569869e-05
4.871312502e-05
4.313170492e-05
3.818259074e-05
3.37954117e-05
2.990740857e-05
2.646264867e-05
2.341131521e-05
2.070906499e-05
1.831644895e-05
1.619839024e-05
1.43237147e-05
1.266472917e-05
1.119684311e-05
9.898229548e-06
8.749521578e-06
7.733540924e-06
6.835055425e-06
6.040562538e-06
5.338096225e-06
4.717054806e-06
4.168047627e-06
3.68275857e-06
3.253824598e-06
2.874727781e-06
2.53969932e-06
2.243634285e-06
1.982015921e-06
1.750848441e-06
1.546597416e-06
1.366136881e-06
1.20670246e-06
1.065849786e-06
9.41417686e-07
8.314955334e-07
7.34394356e-07
6.486212347e-07
5.728566467e-07
5.059344056e-07
4.468239053e-07
3.946144176e-07
3.485011869e-07
3.077731376e-07
2.718019986e-07
2.400326884e-07
2.119748024e-07
1.871950991e-07
1.653108468e-07
1.459839519e-07
1.289157508e-07
1.138424318e-07
1.005309659e-07
8.8775521e-08
7.839429342e-08
6.922670753e-08
6.113093674e-08
5.398171839e-08
4.766842109e-08
4.209333536e-08
3.717016863e-08
3.28227118e-08
2.898365832e-08
2.559356816e-08
2.259994818e-08
1.995644152e-08
1.762211101e-08
1.556079783e-08
1.374058061e-08
1.213326249e-08
1.071394508e-08
9.460643359e-09
8.353939929e-09
7.376689579e-09
6.513750893e-09
5.751755849e-09
5.078894208e-09
4.48474366e-09
3.960095481e-09
3.496821097e-09
3.087740792e-09
2.726515576e-09
2.407547613e-09
2.125892781e-09
1.87718828e-09
1.657577894e-09
1.463658791e-09
1.292425687e-09
1.141225121e-09
1.007712684e-09
8.898198428e-10
7.857188095e-10
6.937970407e-10
6.126289892e-10
5.409556206e-10
4.776688003e-10
4.217855162e-10
3.724393294e-10
3.288676831e-10
2.903912388e-10
2.564193718e-10
2.264188143e-10
1.999299615e-10
1.765383742e-10
1.55884812e-10
1.376477682e-10
1.215440179e-10
1.073243786e-10
9.476769369e-11
8.368071513e-11
7.389101137e-11
6.524643326e-11
5.761201238e-11
5.087303495e-11
4.492083788e-11
3.966448697e-11
3.502476087e-11
3.092726769e-11
2.730803778e-11
2.411407879e-11
2.129244003e-11
1.880123141e-11
1.660200449e-11
1.465969013e-11
1.294398616e-11
1.142999584e-11
1.009313466e-11
8.911593685e-12
7.869094265e-12
6.949406328e-12
6.135640607e-12
5.418061833e-12
4.783944074e-12
4.22407942e-12
3.730508957e-12
3.293414153e-12
2.908472074e-12
2.568202595e-12
2.26711705e-12
2.002661925e-12
1.767974656e-12
1.561445417e-12
1.378334946e-12
1.216735046e-12
1.075604883e-12
9.488382302e-13
8.379824612e-13
7.397554791e-13
6.524572549e-13
5.77038417e-13
5.086764343e-13
4.505076867e-13
3.968214646e-13
3.503031198e-13
3.090652734e-13
2.737463034e-13
2.417996359e-13
2.135305821e-13
1.885436252e-13
1.663599813e-13
1.467992394e-13
1.302222219e-13
1.144917494e-13
1.014327511e-13
8.977540933e-14
7.895767373e-14
7.006201175e-14
6.152717225e-14
5.435929484e-14
4.812122922e-14
4.187622471e-14
3.762268275e-14
3.277239591e-14
2.8907432e-14
2.534777943e-14
2.289141099e-14
2.001177002e-14
1.771499614e-14
1.568883912e-14
1.398881011e-14
1.21846977e-14
1.102590241e-14
9.041378757e-15
9.311995619e-15
6.779299344e-15
5.856426455e-15
5.537237335e-15
5.63438185e-15
4.46170878e-15
3.823330541e-15
4.163336342e-15
2.75474088e-15
2.726985304e-15
2.504940699e-15
2.622901896e-15
2.157996004e-15
1.845745778e-15
1.33226763e-15
1.547373341e-15
6.869504965e-16
9.922618283e-16
7.771561172e-16
7.979727989e-16
8.534839502e-16
2.15105711e-16
8.743006319e-16
2.359223927e-16
1.193489751e-15
4.996003611e-16
2.706168623e-16
3.955169525e-16
2.983724379e-16
4.371503159e-16
2.289834988e-16
2.636779683e-16
8.326672685e-17
1.249000903e-16
1.040834086e-16
2.706168623e-16
5.75928194e-16
7.424616477e-16
6.453171331e-16
2.844946501e-16
8.67361738e-16
9.298117831e-16
3.400058013e-16
8.67361738e-16
8.951173136e-16
2.15105711e-16
4.232725281e-16
3.330669074e-16
1.45716772e-16
2.844946501e-16
3.677613769e-16
1.45716772e-16
5.204170428e-16
5.551115123e-16
4.30211422e-16
4.30211422e-16
2.428612866e-16
3.60822483e-16
5.204170428e-16
4.440892099e-16
7.702172233e-16
2.775557562e-16
9.020562075e-17
4.024558464e-16
3.538835891e-16
3.261280135e-16
4.30211422e-16
2.289834988e-16
5.412337245e-16
4.163336342e-16
1.595945598e-16
2.983724379e-16
4.093947403e-16
5.412337245e-16
1.526556659e-16
5.204170428e-16
1.110223025e-16
2.15105711e-16
2.081668171e-16
5.551115123e-16
4.996003611e-16
2.636779683e-16
2.91433544e-16
4.024558464e-16
4.093947403e-16
1.595945598e-16
9.714451465e-17
2.498001805e-16
4.093947403e-16
8.257283746e-16
4.163336342e-16
5.481726184e-16
8.951173136e-16
2.567390744e-16
1.249000903e-16
2.567390744e-16
1.318389842e-16
3.053113318e-16
3.677613769e-16
2.428612866e-16
5.828670879e-16
5.551115123e-16
3.538835891e-16
6.245004514e-16
1.942890293e-16
6.314393453e-16
2.498001805e-16
1.595945598e-16
7.285838599e-16
4.440892099e-16
4.440892099e-16
7.424616477e-16
2.15105711e-16
2.91433544e-16
2.15105711e-16
2.012279232e-16
3.053113318e-16
4.093947403e-16
7.424616477e-16
4.163336342e-17
1.040834086e-15
3.747002708e-16
3.191891196e-16
4.996003611e-16
3.955169525e-16
7.21644966e-16
5.898059818e-16
2.359223927e-16
1.804112415e-16
1.179611964e-16
4.440892099e-16
2.636779683e-16
4.371503159e-16
4.996003611e-16
7.771561172e-16
4.163336342e-16
8.049116929e-16
2.636779683e-16
5.342948306e-16
2.15105711e-16
1.020017404e-15
8.743006319e-16
6.453171331e-16
2.289834988e-16
3.747002708e-16
9.020562075e-17
1.45716772e-16
3.122502257e-16
4.649058916e-16
1.020017404e-15
2.012279232e-16
2.567390744e-16
1.026956298e-15
4.371503159e-16
8.049116929e-16
5.967448757e-16
4.787836794e-16
2.706168623e-16
4.510281038e-16
3.330669074e-16
5.689893001e-16
9.714451465e-17
3.122502257e-16
7.424616477e-16
7.702172233e-16
4.787836794e-16
3.122502257e-16
6.245004514e-16
2.706168623e-16
2.428612866e-16
1.665334537e-16
3.469446952e-16
4.996003611e-16
9.228728892e-16
9.159339953e-16
5.273559367e-16
2.844946501e-16
8.465450563e-16
2.15105711e-16
2.081668171e-16
9.436895709e-16
4.30211422e-16
4.024558464e-16
2.706168623e-16
4.371503159e-16
2.636779683e-16
2.428612866e-16
3.955169525e-16
2.775557562e-16
3.053113318e-16
5.06539255e-16
3.122502257e-16
9.228728892e-16
1.249000903e-16
4.093947403e-16
1.804112415e-16
3.191891196e-16
1.249000903e-16
2.220446049e-16
6.314393453e-16
4.926614672e-16
4.024558464e-16
2.081668171e-16
3.469446952e-16
2.359223927e-16
1.873501354e-16
2.775557562e-16
1.45716772e-16
3.955169525e-16
3.330669074e-16
2.775557562e-16
3.677613769e-16
9.992007222e-16
5.204170428e-16
4.510281038e-16
5.689893001e-16
9.853229344e-16
5.06539255e-16
4.926614672e-16
1.526556659e-16
6.938893904e-16
6.383782392e-16
4.857225733e-16
2.289834988e-16
2.844946501e-16
5.412337245e-16
2.428612866e-16
4.163336342e-16
4.857225733e-16
4.857225733e-17
1.873501354e-16
6.383782392e-16
7.632783294e-17
1.804112415e-16
6.175615574e-16
4.440892099e-16
3.122502257e-16
3.122502257e-16
4.857225733e-16
3.469446952e-16
2.081668171e-16
8.326672685e-17
2.15105711e-16
3.469446952e-16
3.261280135e-16
1.942890293e-16
3.60822483e-16
4.787836794e-16
4.093947403e-16
2.081668171e-16
3.191891196e-16
3.191891196e-16
4.787836794e-16
5.273559367e-16
2.775557562e-16
4.787836794e-16
3.885780586e-16
4.857225733e-16
7.632783294e-16
3.053113318e-16
4.232725281e-16
4.510281038e-16
4.718447855e-16
5.342948306e-16
5.898059818e-16
5.828670879e-16
1.873501354e-16
1.804112415e-16
2.359223927e-16
7.840950111e-16
4.718447855e-16
1.526556659e-16
2.775557562e-16
1.45716772e-16
3.816391647e-16
9.714451465e-17
2.220446049e-16
3.261280135e-16
1.526556659e-16
4.163336342e-16
5.551115123e-16
4.163336342e-17
4.232725281e-16
4.30211422e-16
2.775557562e-16
1.665334537e-16
4.787836794e-16
5.273559367e-16
2.012279232e-16
3.538835891e-16
3.60822483e-16
9.020562075e-17
4.371503159e-16
5.204170428e-16
3.677613769e-16
2.289834988e-16
4.163336342e-16
3.191891196e-16
2.844946501e-16
2.775557562e-16
6.245004514e-16
4.093947403e-16
3.747002708e-16
3.816391647e-16
1.318389842e-16
3.122502257e-16
3.538835891e-16
4.649058916e-16
5.134781489e-16
7.771561172e-16
4.996003611e-16
2.567390744e-16
3.816391647e-16
3.469446952e-16
5.134781489e-16
2.289834988e-16
2.567390744e-16
6.175615574e-16
3.122502257e-16
2.844946501e-16
2.498001805e-16
2.983724379e-16
1.804112415e-16
1.595945598e-16
5.412337245e-16
4.510281038e-16
3.469446952e-16
3.053113318e-16
5.06539255e-16
3.330669074e-16
1.804112415e-16
4.579669977e-16
2.359223927e-16
3.330669074e-16
2.983724379e-16
5.828670879e-16
2.844946501e-16
3.191891196e-16
5.342948306e-16
6.106226635e-16
2.636779683e-16
4.996003611e-16
2.844946501e-16
8.326672685e-17
3.538835891e-16
3.053113318e-16
3.538835891e-16
5.967448757e-16
3.885780586e-16
5.689893001e-16
5.551115123e-17
3.330669074e-16
2.706168623e-16
4.093947403e-16
3.191891196e-16
4.996003611e-16
3.053113318e-16
4.926614672e-16
4.926614672e-16
6.869504965e-16
2.706168623e-16
2.289834988e-16
7.632783294e-17
4.163336342e-17
1.387778781e-16
1.804112415e-16
9.020562075e-17
3.469446952e-16
4.718447855e-16
5.342948306e-16
5.204170428e-16
3.677613769e-16
4.649058916e-16
3.885780586e-16
2.91433544e-16
3.677613769e-16
2.983724379e-16
3.816391647e-16
6.314393453e-16
5.481726184e-16
2.983724379e-16
2.91433544e-16
3.469446952e-16
2.498001805e-16
5.273559367e-16
4.163336342e-16
3.955169525e-16
3.330669074e-16
2.15105711e-16
2.567390744e-16
7.563394355e-16
3.60822483e-16
4.024558464e-16
2.706168623e-16
4.024558464e-16
4.510281038e-16
5.551115123e-17
7.632783294e-17
2.706168623e-16
3.747002708e-16
5.06539255e-16
3.747002708e-16
1.804112415e-16
1.45716772e-16
1.526556659e-16
1.665334537e-16
4.996003611e-16
4.093947403e-16
2.775557562e-16
2.706168623e-16
5.481726184e-16
2.636779683e-16
8.326672685e-17
1.387778781e-16
3.261280135e-16
4.926614672e-16
5.551115123e-16
1.734723476e-16
2.983724379e-16
3.538835891e-16
4.30211422e-16
2.636779683e-16
3.469446952e-16
2.220446049e-16
2.636779683e-16
1.526556659e-16
2.775557562e-16
3.955169525e-16
3.261280135e-16
2.289834988e-16
2.983724379e-16
2.775557562e-16
4.163336342e-16
2.359223927e-16
2.15105711e-16
2.289834988e-16
1.942890293e-16
2.775557562e-16
8.465450563e-16
2.15105711e-16
5.689893001e-16
1.387778781e-16
2.012279232e-16
4.093947403e-16
1.526556659e-16
4.232725281e-16
6.661338148e-16
3.538835891e-16
3.469446952e-16
5.134781489e-16
6.036837696e-16
3.261280135e-16
2.636779683e-16
1.942890293e-16
3.885780586e-16
2.359223927e-16
1.318389842e-16
5.551115123e-16
1.665334537e-16
2.15105711e-16
2.636779683e-16
6.383782392e-16
2.844946501e-16
1.45716772e-16
4.093947403e-16
3.261280135e-16
3.677613769e-16
9.714451465e-17
4.163336342e-16
4.857225733e-16
4.024558464e-16
2.15105711e-16
3.330669074e-16
2.91433544e-16
1.387778781e-16
2.289834988e-16
3.677613769e-16
2.081668171e-16
4.232725281e-16
3.400058013e-16
5.75928194e-16
4.440892099e-16
1.595945598e-16
2.636779683e-16
1.942890293e-16
3.469446952e-16
6.661338148e-16
5.828670879e-16
2.636779683e-16
2.220446049e-16
3.538835891e-16
3.538835891e-16
4.440892099e-16
6.591949209e-16
4.024558464e-16
4.857225733e-16
3.677613769e-16
4.996003611e-16
3.053113318e-16
2.081668171e-17
4.718447855e-16
8.465450563e-16
1.942890293e-16
3.400058013e-16
2.498001805e-16
3.122502257e-16
5.204170428e-16
3.469446952e-16
2.220446049e-16
3.677613769e-16
1.179611964e-16
1.040834086e-16
3.60822483e-16
4.787836794e-16
2.081668171e-16
7.632783294e-17
2.636779683e-16
2.567390744e-16
1.387778781e-16
3.053113318e-16
2.91433544e-16
2.289834988e-16
4.440892099e-16
3.122502257e-16
3.677613769e-16
2.983724379e-16
2.983724379e-16
2.498001805e-16
2.081668171e-16
2.636779683e-16
7.147060721e-16
1.526556659e-16
2.636779683e-16
2.844946501e-16
3.60822483e-16
2.706168623e-16
2.983724379e-16
6.938893904e-16
3.677613769e-16
2.428612866e-16
5.134781489e-16
4.371503159e-16
2.844946501e-16
4.163336342e-16
1.110223025e-16
4.30211422e-16
7.147060721e-16
4.30211422e-16
2.012279232e-16
3.885780586e-16
2.844946501e-16
2.775557562e-16
1.45716772e-16
1.595945598e-16
2.081668171e-16
3.191891196e-16
2.775557562e-16
2.983724379e-16
3.261280135e-16
3.330669074e-16
1.526556659e-16
3.60822483e-16
7.91033905e-16
2.359223927e-16
6.800116026e-16
4.093947403e-16
2.081668171e-16
1.179611964e-16
3.469446952e-16
3.60822483e-16
2.428612866e-16
2.081668171e-16
9.020562075e-17
4.371503159e-16
2.220446049e-16
2.359223927e-16
1.387778781e-16
1.526556659e-16
2.428612866e-16
3.538835891e-16
5.273559367e-16
3.955169525e-16
6.036837696e-16
5.481726184e-16
5.06539255e-16
3.330669074e-16
7.424616477e-16
3.677613769e-16
4.163336342e-16
3.053113318e-16
2.012279232e-16
2.983724379e-16
2.983724379e-16
6.800116026e-16
2.289834988e-16
2.636779683e-16
3.400058013e-16
3.747002708e-16
5.689893001e-16
4.787836794e-16
1.942890293e-16
3.191891196e-16
9.020562075e-17
2.636779683e-16
2.983724379e-16
2.636779683e-16
3.330669074e-16
4.024558464e-16
3.538835891e-16
1.595945598e-16
1.595945598e-16
6.314393453e-16
6.869504965e-16
1.942890293e-16
4.163336342e-17
1.040834086e-16
2.91433544e-16
2.498001805e-16
4.857225733e-17
3.330669074e-16
4.718447855e-16
1.318389842e-16
2.775557562e-16
3.816391647e-16
1.040834086e-16
2.706168623e-16
3.60822483e-16
6.661338148e-16
6.591949209e-16
1.942890293e-16
2.983724379e-16
1.734723476e-16
2.428612866e-16
3.122502257e-16
4.093947403e-16
3.816391647e-16
5.481726184e-16
6.245004514e-17
2.567390744e-16
2.289834988e-16
2.91433544e-16
1.040834086e-16
3.538835891e-16
2.081668171e-16
1.318389842e-16
3.053113318e-16
3.60822483e-16
3.469446952e-16
4.30211422e-16
1.595945598e-16
4.024558464e-16
5.134781489e-16
2.636779683e-16
3.191891196e-16
1.179611964e-16
1.040834086e-16
3.677613769e-16
3.400058013e-16
2.567390744e-16
3.677613769e-16
3.677613769e-16
3.538835891e-16
3.747002708e-16
4.787836794e-16
2.706168623e-16
6.036837696e-16
5.75928194e-16
3.816391647e-16
4.510281038e-16
5.620504062e-16
2.012279232e-16
1.179611964e-16
5.06539255e-16
3.053113318e-16
2.844946501e-16
2.706168623e-16
4.093947403e-16
7.840950111e-16
1.45716772e-16
2.706168623e-16
2.15105711e-16
3.261280135e-16
8.396061624e-16
4.579669977e-16
2.498001805e-16
6.938893904e-17
7.632783294e-16
2.15105711e-16
9.020562075e-17
2.012279232e-16
5.06539255e-16
6.245004514e-16
6.453171331e-16
2.983724379e-16
3.816391647e-16
4.093947403e-16
7.424616477e-16
6.175615574e-16
2.636779683e-16
2.567390744e-16
1.526556659e-16
3.747002708e-16
4.718447855e-16
4.093947403e-16
3.053113318e-16
4.024558464e-16
2.498001805e-16
3.122502257e-16
3.330669074e-16
3.677613769e-16
4.371503159e-16
2.012279232e-16
9.020562075e-17
3.469446952e-16
4.649058916e-16
1.249000903e-16
2.636779683e-16
3.747002708e-16
6.938893904e-17
1.595945598e-16
4.093947403e-16
2.706168623e-16
2.498001805e-16
6.036837696e-16
2.636779683e-16
5.273559367e-16
3.538835891e-16
4.30211422e-16
3.677613769e-16
3.400058013e-16
3.261280135e-16
2.012279232e-16
3.469446952e-16
2.012279232e-16
2.289834988e-16
3.191891196e-16
5.342948306e-16
2.428612866e-16
2.081668171e-16
1.942890293e-16
5.273559367e-16
5.551115123e-17
9.020562075e-17
1.942890293e-16
3.816391647e-16
3.60822483e-16
2.91433544e-16
5.551115123e-17
3.330669074e-16
2.775557562e-16
4.093947403e-16
3.122502257e-16
1.526556659e-16
6.245004514e-17
2.15105711e-16
3.469446952e-16
2.844946501e-16
2.844946501e-16
4.30211422e-16
1.734723476e-16
4.024558464e-16
3.122502257e-16
3.747002708e-16
2.289834988e-16
1.595945598e-16
4.30211422e-16
2.706168623e-16
2.775557562e-16
2.012279232e-16
2.983724379e-16
2.706168623e-16
5.273559367e-16
3.122502257e-16
2.498001805e-16
5.342948306e-16
2.567390744e-16
5.273559367e-16
4.579669977e-16
3.330669074e-16
5.620504062e-16
1.804112415e-16
3.747002708e-16
3.747002708e-16
2.636779683e-16
1.595945598e-16
4.371503159e-16
5.134781489e-16
3.677613769e-16
3.191891196e-16
5.689893001e-16
4.996003611e-16
3.538835891e-16
1.942890293e-16
9.020562075e-17
1.873501354e-16
2.081668171e-16
2.498001805e-16
3.122502257e-16
7.147060721e-16
2.359223927e-16
4.857225733e-16
2.498001805e-16
2.081668171e-16
4.579669977e-16
2.428612866e-16
5.620504062e-16
5.412337245e-16
4.30211422e-16
2.983724379e-16
3.538835891e-16
5.898059818e-16
3.122502257e-16
2.706168623e-16
5.689893001e-16
4.510281038e-16
1.595945598e-16
6.245004514e-17
1.110223025e-16
4.232725281e-16
2.91433544e-16
4.440892099e-16
3.469446952e-16
1.734723476e-16
2.983724379e-16
2.012279232e-16
1.45716772e-16
2.775557562e-17
3.60822483e-16
3.60822483e-16
1.942890293e-16
3.400058013e-16
3.816391647e-16
1.665334537e-16
7.494005416e-16
2.775557562e-16
4.024558464e-16
3.122502257e-16
5.134781489e-16
5.828670879e-16
1.734723476e-16
3.330669074e-16
3.538835891e-16
3.816391647e-16
4.024558464e-16
2.498001805e-16
5.412337245e-16
1.873501354e-16
3.053113318e-16
4.649058916e-16
2.567390744e-16
1.387778781e-16
6.175615574e-16
3.400058013e-16
5.06539255e-16
2.498001805e-16
2.91433544e-16
1.804112415e-16
2.706168623e-16
9.020562075e-17
8.326672685e-17
1.873501354e-16
3.955169525e-16
2.498001805e-16
6.383782392e-16
2.289834988e-16
3.053113318e-16
5.75928194e-16
4.857225733e-16
2.983724379e-16
3.053113318e-16
4.996003611e-16
1.249000903e-16
4.163336342e-17
3.469446952e-16
2.15105711e-16
2.428612866e-16
3.400058013e-16
1.942890293e-16
2.636779683e-16
4.926614672e-16
3.400058013e-16
5.412337245e-16
3.816391647e-16
6.036837696e-16
4.371503159e-16
2.983724379e-16
2.15105711e-16
3.60822483e-16
4.857225733e-16
3.191891196e-16
6.800116026e-16
4.440892099e-16
2.081668171e-16
6.938893904e-17
4.163336342e-17
1.804112415e-16
2.289834988e-16
4.371503159e-16
2.706168623e-16
3.469446952e-16
4.579669977e-16
4.440892099e-16
2.567390744e-16
2.983724379e-16
5.134781489e-16
1.110223025e-16
4.440892099e-16
2.983724379e-16
3.122502257e-16
4.996003611e-16
2.220446049e-16
1.387778781e-16
3.955169525e-16
3.191891196e-16
3.677613769e-16
2.983724379e-16
1.45716772e-16
3.191891196e-16
3.330669074e-16
1.040834086e-16
7.424616477e-16
6.036837696e-16
2.983724379e-16
2.498001805e-16
5.134781489e-16
2.012279232e-16
1.318389842e-16
4.30211422e-16
1.110223025e-16
4.857225733e-16
1.387778781e-17
2.567390744e-16
6.106226635e-16
4.579669977e-16
3.747002708e-16
4.024558464e-16
6.938893904e-17
4.024558464e-16
3.122502257e-16
5.551115123e-16
3.400058013e-16
4.024558464e-16
5.75928194e-16
5.828670879e-16
2.775557562e-16
2.498001805e-16
1.804112415e-16
3.885780586e-16
6.036837696e-16
4.30211422e-16
4.579669977e-16
2.15105711e-16
1.45716772e-16
5.134781489e-16
1.526556659e-16
3.747002708e-16
2.567390744e-16
2.775557562e-16
5.75928194e-16
4.649058916e-16
2.498001805e-16
2.220446049e-16
2.91433544e-16
2.775557562e-17
6.175615574e-16
5.898059818e-16
4.163336342e-16
1.734723476e-16
2.359223927e-16
3.053113318e-16
5.551115123e-16
2.775557562e-16
2.91433544e-16
6.938893904e-16
2.220446049e-16
3.747002708e-16
3.60822483e-16
3.053113318e-16
1.526556659e-16
5.828670879e-16
1.01307851e-15
6.245004514e-16
4.232725281e-16
8.326672685e-17
2.706168623e-16
2.081668171e-16
3.330669074e-16
4.440892099e-16
3.469446952e-16
4.30211422e-16
3.885780586e-16
4.024558464e-16
1.804112415e-16
5.412337245e-16
1.45716772e-16
3.60822483e-16
3.60822483e-16
1.45716772e-16
1.734723476e-16
2.220446049e-16
2.844946501e-16
5.551115123e-17
1.873501354e-16
4.093947403e-16
5.689893001e-16
1.873501354e-16
4.163336342e-17
2.359223927e-16
2.636779683e-16
4.649058916e-16
1.249000903e-16
2.844946501e-16
1.873501354e-16
2.706168623e-16
2.220446049e-16
2.359223927e-16
2.428612866e-16
5.967448757e-16
1.665334537e-16
5.967448757e-16
3.60822483e-16
5.967448757e-16
4.093947403e-16
2.220446049e-16
2.081668171e-16
2.220446049e-16
3.677613769e-16
3.053113318e-16
5.551115123e-16
3.191891196e-16
4.579669977e-16
1.873501354e-16
2.428612866e-16
3.816391647e-16
1.942890293e-16
2.428612866e-16
3.261280135e-16
1.110223025e-16
2.498001805e-16
3.677613769e-16
6.175615574e-16
2.636779683e-16
2.775557562e-16
3.469446952e-16
9.020562075e-17
4.510281038e-16
1.526556659e-16
1.387778781e-16
4.579669977e-16
4.440892099e-16
3.469446952e-16
2.91433544e-16
2.775557562e-17
2.289834988e-16
3.677613769e-16
2.706168623e-16
4.371503159e-16
2.498001805e-16
2.15105711e-16
6.314393453e-16
7.355227538e-16
4.371503159e-16
2.359223927e-16
8.67361738e-16
1.040834086e-16
1.804112415e-16
4.371503159e-16
1.110223025e-16
4.163336342e-17
4.163336342e-17
1.804112415e-16
3.053113318e-16
5.204170428e-16
4.371503159e-16
4.232725281e-16
1.318389842e-16
1.734723476e-16
6.800116026e-16
1.595945598e-16
2.081668171e-16
3.330669074e-16
2.983724379e-16
6.52256027e-16
5.689893001e-16
2.15105711e-16
1.387778781e-17
4.163336342e-16
5.967448757e-16
6.52256027e-16
3.261280135e-16
4.371503159e-16
2.498001805e-16
2.081668171e-16
2.844946501e-16
1.249000903e-16
1.942890293e-16
4.30211422e-16
0
